  -4.5037479e+00
  -1.8539661e-01
  -8.1917929e+00
  -8.2405395e+00
   5.3017693e+00
   6.1323634e+00
  -1.2883191e+00
   5.1900099e+00
  -9.3079206e+00
   4.8033005e+00
   7.8144560e+00
   5.4689666e+00
   3.8700323e+00
  -9.9168038e+00
   5.2874230e+00
  -9.2255913e+00
   8.1829949e+00
  -3.0178005e+00
   1.0055010e+01
  -2.7690004e+00
   1.4671740e+00
   9.3942048e+00
  -3.1524382e+00
   9.2242980e+00
   7.4565474e+00
   2.1887043e+00
  -1.2681329e+00
  -4.1510178e+00
  -6.4486178e+00
   4.1571954e+00
   9.3565684e+00
   8.6863102e+00
   8.3858297e-02
   3.3737757e+00
   1.1723120e+00
   4.5725286e-01
  -8.9518996e+00
  -7.9382203e+00
  -9.8665093e+00
  -5.5085043e+00
   7.3218244e+00
  -4.4941961e+00
   9.7876932e+00
   2.9896380e+00
   9.5078801e+00
   1.6257625e-01
  -8.9900577e+00
   9.9050307e+00
  -7.6789363e-01
  -6.7633994e-01
   9.0391988e+00
   9.9117506e+00
  -5.4910455e+00
   4.1433661e+00
  -7.2382910e+00
   7.0688494e+00
  -2.7611540e+00
   7.3718435e+00
   5.6903751e+00
   9.5261557e+00
  -7.7927514e+00
   4.1373179e-01
  -1.3320536e+00
  -6.5737704e+00
   9.3816819e+00
  -5.9799020e+00
   2.2455345e+00
  -4.1123286e+00
  -8.7724336e+00
   9.2605389e+00
  -3.5737989e+00
  -7.8612057e+00
  -2.7661266e+00
  -6.0231770e+00
   9.4856101e+00
  -6.0322001e+00
   2.1863862e+00
   2.6169303e+00
  -3.4726498e-01
  -4.0068252e+00
   2.7981134e+00
  -6.3095426e-01
   6.5623405e+00
  -1.2206148e+00
   1.2260837e+00
  -7.7786144e+00
  -1.6247561e+00
  -2.3072522e-01
   9.5537824e+00
   4.3203124e+00
   4.9060970e+00
   4.3861843e+00
  -1.0822504e+00
  -1.1581701e+00
  -5.6338171e-01
  -3.4721420e+00
  -5.8826968e+00
  -5.9178704e+00
   4.2958530e+00
  -6.2471977e+00
   2.5240105e+00
   5.2570828e+00
  -8.9830906e+00
  -4.7531942e+00
   3.5023663e+00
  -4.8855320e+00
  -7.4411809e+00
  -9.7962170e+00
   8.9398853e+00
  -5.7249332e+00
  -7.3871860e+00
   9.1937678e+00
  -3.3947195e+00
  -4.8601475e+00
   8.4190323e+00
  -6.5907109e+00
   2.5231643e+00
  -3.8659360e+00
   1.6394457e+00
   9.5079659e+00
   9.4943864e+00
   6.7666578e+00
  -8.8435128e+00
  -6.6565972e+00
  -1.1448516e+00
   4.7440553e+00
  -7.6234278e+00
   7.3324420e+00
   4.5490433e+00
  -9.3713315e-01
   6.8141490e-01
   2.6403516e+00
  -9.3122303e+00
  -5.0246173e+00
  -6.2120358e+00
  -7.2587037e+00
   2.4798031e+00
   5.1992358e+00
  -3.6494304e-01
   4.7849730e+00
  -5.5454062e+00
  -2.0531572e+00
  -3.2205321e+00
   7.7273531e+00
  -2.8677806e+00
  -2.0241170e+00
  -7.9593487e+00
  -7.6962475e+00
  -6.0124350e+00
  -4.9786171e+00
   4.0294221e+00
   4.0525768e+00
   7.8537569e+00
  -4.6977413e-01
   1.3914112e+00
   2.7559182e+00
  -6.7858443e+00
  -3.2419881e-01
   6.4820744e+00
   8.0196582e+00
   1.2106253e+00
   4.8466314e+00
   1.0296954e-01
  -6.3161000e+00
   2.1670659e+00
   4.7380575e+00
   8.3108202e+00
   2.0445042e-01
  -4.0640263e+00
   4.7861694e+00
  -6.2373794e+00
   2.0781070e+00
   4.0901935e+00
  -2.5143287e+00
  -6.7351944e+00
   6.5135630e+00
   7.5403104e+00
  -1.7261195e+00
  -9.1070202e+00
   1.7097214e+00
   3.8487289e+00
   9.6881537e+00
  -3.7657100e+00
   3.9013125e+00
  -7.8803779e-01
  -5.4728763e+00
  -2.0273635e+00
   2.4913549e+00
  -1.8850857e+00
  -5.3234751e+00
  -9.7081555e+00
  -1.3026210e+00
   7.7076213e+00
  -1.5470822e+00
   8.2269233e+00
  -9.5158402e+00
  -8.9328176e+00
  -2.2195380e+00
  -6.7945490e+00
   9.4363816e+00
   1.4518629e+00
  -1.5007460e-01
  -1.0828434e+00
  -5.2614919e+00
  -5.5143611e+00
  -7.8321909e+00
   1.5457539e+00
   2.1342818e+00
   6.5858708e-01
  -6.1439680e-01
