  -4.5183989e+00
  -2.3601484e-01
  -8.1795743e+00
  -8.2142827e+00
   5.3029002e+00
   6.1290976e+00
  -1.2890357e+00
   5.1877211e+00
  -9.3078757e+00
   4.8009483e+00
   7.8157554e+00
   5.4692655e+00
   3.8699035e+00
  -9.9183750e+00
   5.2914272e+00
  -9.2214076e+00
   8.1782632e+00
  -3.0203518e+00
   1.0055543e+01
  -2.7664285e+00
   1.4671664e+00
   9.3911686e+00
  -3.1538765e+00
   9.2245009e+00
   7.4569053e+00
   2.1880812e+00
  -1.2676599e+00
  -4.1506993e+00
  -6.4464800e+00
   4.1557008e+00
   9.3541567e+00
   8.6854687e+00
   8.5751568e-02
   3.3706962e+00
   1.1762505e+00
   4.5925573e-01
  -8.9458325e+00
  -7.9385273e+00
  -9.8636630e+00
  -5.5058030e+00
   7.3189899e+00
  -4.4908486e+00
   9.7848972e+00
   2.9879532e+00
   9.5085284e+00
   1.6224749e-01
  -8.9883317e+00
   9.9033169e+00
  -7.6393230e-01
  -6.7653682e-01
   9.0374173e+00
   9.9089324e+00
  -5.4901008e+00
   4.1447575e+00
  -7.2385595e+00
   7.0672696e+00
  -2.7638132e+00
   7.3711989e+00
   5.6895897e+00
   9.5229678e+00
  -7.7914324e+00
   4.1090179e-01
  -1.3342236e+00
  -6.5766567e+00
   9.3807029e+00
  -5.9768823e+00
   2.2486249e+00
  -4.1095895e+00
  -8.7709722e+00
   9.2612486e+00
  -3.5747679e+00
  -7.8590250e+00
  -2.7681241e+00
  -6.0201552e+00
   9.4858811e+00
  -6.0353545e+00
   2.1859597e+00
   2.6151134e+00
  -3.4701521e-01
  -4.0090311e+00
   2.7943079e+00
  -6.3351632e-01
   6.5583308e+00
  -1.2225156e+00
   1.2289736e+00
  -7.7793058e+00
  -1.6237465e+00
  -2.3029312e-01
   9.5514089e+00
   4.3209536e+00
   4.8988519e+00
   4.3859113e+00
  -1.0851759e+00
  -1.1597044e+00
  -5.6952440e-01
  -3.4687093e+00
  -5.8789580e+00
  -5.9157063e+00
   4.2998127e+00
  -6.2408076e+00
   2.5191150e+00
   5.2548280e+00
  -8.9762353e+00
  -4.7541133e+00
   3.5023514e+00
  -4.8867817e+00
  -7.4383895e+00
  -9.7978875e+00
   8.9398248e+00
  -5.7238793e+00
  -7.3874088e+00
   9.1911224e+00
  -3.3908296e+00
  -4.8569966e+00
   8.4173086e+00
  -6.5906600e+00
   2.5214491e+00
  -3.8668371e+00
   1.6403813e+00
   9.5037061e+00
   9.4922798e+00
   6.7631514e+00
  -8.8403810e+00
  -6.6544191e+00
  -1.1417864e+00
   4.7442974e+00
  -7.6230261e+00
   7.3298526e+00
   4.5498232e+00
  -9.3800269e-01
   6.8084394e-01
   2.6428640e+00
  -9.3128655e+00
  -5.0259190e+00
  -6.2063388e+00
  -7.2543779e+00
   2.4802505e+00
   5.1988126e+00
  -3.6906738e-01
   4.7843993e+00
  -5.5456970e+00
  -2.0514168e+00
  -3.2185388e+00
   7.7260988e+00
  -2.8677103e+00
  -2.0241297e+00
  -7.9564614e+00
  -7.6953353e+00
  -6.0070789e+00
  -4.9797717e+00
   4.0300237e+00
   4.0497812e+00
   7.8513950e+00
  -4.6975670e-01
   1.3913562e+00
   2.7542561e+00
  -6.7818873e+00
  -3.2551778e-01
   6.4793042e+00
   8.0184149e+00
   1.2150889e+00
   4.8457294e+00
   1.0171763e-01
  -6.3136358e+00
   2.1634358e+00
   4.7358381e+00
   8.3104420e+00
   2.0187543e-01
  -4.0599270e+00
   4.7868351e+00
  -6.2370042e+00
   2.0778084e+00
   4.0901697e+00
  -2.5122478e+00
  -6.7330905e+00
   6.5124526e+00
   7.5428603e+00
  -1.7266921e+00
  -9.1056639e+00
   1.7097416e+00
   3.8498411e+00
   9.6843533e+00
  -3.7662563e+00
   3.9001154e+00
  -7.8886631e-01
  -5.4782192e+00
  -2.0290268e+00
   2.4911133e+00
  -1.8827516e+00
  -5.3221117e+00
  -9.7059367e+00
  -1.2994704e+00
   7.7058835e+00
  -1.5469431e+00
   8.2238052e+00
  -9.5096505e+00
  -8.9337923e+00
  -2.2188515e+00
  -6.7966974e+00
   9.4363962e+00
   1.4519742e+00
  -1.5009337e-01
  -1.0805168e+00
  -5.2618809e+00
  -5.5129201e+00
  -7.8335300e+00
   1.5454881e+00
   2.1319739e+00
   6.5841428e-01
  -6.1283683e-01
