5.629518770144894
-2.439425889617505
-91.20579766187825
35.574443974993855
-15.981056058941649
84.74965879922173
-21.268913874304445
30.169870792745026
17.19526674269002
41.35908431886709
-23.842055142043883
-0.6751444842521854
29.341311902735153
5.278343091112907
60.03215128164077
9.56011772100446
25.02959556308438
-33.18479277595718
-22.546281018798503
-76.89281952295899
86.66412089355899
6.637203201664429
-53.73773881411107
95.76800945924704
77.30788872294863
74.85379018505525
-0.5793796902271269
-60.65774094252593
14.310818105423564
59.895586525270424
-4.203142917678101
61.93594115303154
45.405954300533715
16.66751803073684
5.628286854254551
-22.0518086136167
-26.400057472817366
-109.86957721623499
-39.96921505529052
36.71163105621132
11.604085397463207
-53.67380460208976
-114.85725168708925
-16.893240346895247
45.09061719313612
-29.019120821906018
-20.15434624828552
-40.71109674058308
-6.609512260504559
45.17996782363534
1.5860395753850234
-18.635279932253166
-44.63027180657022
-31.199337346411525
-30.523584889666346
-9.21974431055964
-35.07874384178633
65.08564499900122
28.54180551739107
-11.352181194583148
120.52528044649638
-61.78036102358851
18.896160497534947
-28.835603065979562
23.532255760688294
-39.465067979151385
-24.55381836277843
-99.09307401574245
-52.5234354182884
-1.793682670397197
49.50580040630628
-35.51203411102556
-8.058037522619271
4.670518356385232
35.205548576709
-11.588548734641567
-41.59470570792441
-15.272128282706808
-18.0481959606602
46.272651189729416
22.727473941156
-91.8600831059452
-25.816643344049318
-42.38209730679424
25.775578953993826
18.381343999248525
-25.583253401870905
78.22115817676766
-5.608715345694313
-17.54778644134833
-144.6468994718857
67.96956654785572
-78.41565636133697
-4.361064838971739
-50.55344213211312
-30.75581034004334
-63.84373227197086
23.8666971607254
-29.567247784032148
-11.13810343932574
-10.138514836770781
-50.13925400963368
-39.84591650837224
13.20773951863305
51.90364005869958
16.346671225628036
-23.37862750964234
-1.5149886003502704
-11.572256407671887
-46.08358691442268
-0.1047631234008648
-108.21294604960617
-2.6761678014972503
-40.49212434222827
-108.37321793413851
-69.42455003441066
-32.325831702126116
-49.29005049633662
3.7557996583805107
4.718415333395024
-59.396054134165816
39.189214299453305
45.34089169575873
28.97977373048092
-5.251065077994351
33.18969641121062
17.282455039017382
-33.27777504158455
2.3057244294889303
-27.73428590643314
50.593667998192885
-43.210596607735695
6.711465959558726
-14.977986331078059
-71.5031649859935
-36.615671557741386
0.31367408052744683
37.88584310694485
93.66799911269305
131.36673101165218
13.565134368894634
-42.28299827340483
-43.99289350518142
127.44850501020248
12.983560940044091
-38.56460972409978
-10.932007568001383
3.1099782018735396
-101.8952520119061
11.700421052251356
14.494677771413498
22.0939275074312
-131.36063827759898
-25.03926390645549
-11.949861300314748
22.994549544981762
37.30571132845176
55.635883795955806
8.781265159467265
43.19455548073213
9.49453927158681
80.52930121077681
93.75065425413219
-23.9692172406751
8.381686547830157
-14.2186146308261
24.17236958803425
5.927968535227577
-60.734142688601395
25.62515790062253
103.26841173155218
-8.332770306881343
-7.477942414379541
104.22811980248103
5.23467212259911
-51.1074511339618
-31.065134022973826
43.498593901463416
-36.555618642977905
20.499345278668287
19.60255376655428
32.83114348490994
-26.65456214060886
117.09548045439311
27.69555859444124
24.816196854220223
2.080934808771614
-52.724513289803916
-18.631259280654724
5.292464817053225
-53.861988785177466
-10.812982963291411
-107.20375174010775
53.67597186177948
-131.464488695352
51.417360101907605
4.414069141381849
50.73416954695144
-28.32739660024125
-72.9728083450779
49.48028123133536
0.0862782511847251
-44.218965367897134
24.16404594571289
25.022400996879167
-86.27529995135835
-8.617118628194572
15.444827961326832
-77.2374793853464
56.087407640551795
-77.35007604214991
100.54567099392803
2.781621644416764
-76.11082986103781
20.948036804353894
-42.01683050837514
54.62855919106094
-0.7470123904846683
129.31158056745085
11.453425882425751
2.116874274598799
35.81416346589985
23.51253750687817
-29.017690359126483
57.54200052185715
48.89233048865017
89.9351060506318
-33.514318840385535
-31.223863057609023
-13.828074451545334
30.011021159332987
-17.954032351117988
-13.48816333462793
-32.69250605185116
-0.9147383081102212
15.511157652917081
16.024123570343008
-69.64686253010751
-66.23397465337042
-37.790508980045324
-14.854799510135457
13.603195871082136
-22.093794998590194
-40.915673563177236
6.382179942207015
2.014192116330318
-74.57934810251827
-115.0622174065514
-17.632100072342897
-47.17968452211622
-38.33997143719771
43.10478671425924
-4.176200208578235
-10.960036275886091
79.87731734477106
34.962463322422316
-2.537829569377307
-51.800217659122055
-15.397542758838933
-44.11419863181095
-24.14317555761328
-16.497505646558363
8.920228177351571
105.46310237487805
12.335922406198199
59.23454743580893
-23.734857847242154
27.472444523821927
11.89153424099965
1.866367298376617
25.86916251219239
56.60606536003904
82.04360254479792
28.739588242068905
-60.770702460849385
68.38037166268617
-11.79035358775153
-22.54635573874952
43.22682748888506
87.22232435157073
27.776958832547493
-5.790229171649208
-45.931549640819036
-113.67305175283899
5.920162255608858
48.77888517068911
-0.6290343176726974
-30.672267838519716
67.30069971575007
-32.8989875565544
65.19050649053611
-74.96205445369834
20.277828982111313
112.44266078281255
-33.79458386194708
-29.668860567253162
-35.50717387804329
-43.41280675821951
14.472893554864715
29.306496997366636
-43.83188477713431
-16.84937078313289
33.47366945579752
9.713096624792597
25.908130345866617
46.73076354730667
-57.4049366565455
45.9687308711669
38.80918540978884
-28.826355975004354
38.28111128731397
16.90266743866736
22.48607960388256
80.19823670260315
-53.842035354939924
-44.6825169847137
-10.877932366013814
-44.829646447679934
12.205638481076253
-84.21080545418651
67.24939179539886
48.82407040718342
-50.9365957275416
-22.374682233130674
9.903440933240098
31.99502194955908
-45.74013672171012
107.15323075331214
-32.566991663362714
-51.92516219142164
-30.922504525708522
-10.537820669350275
-12.580730718129585
-33.55347952927147
23.143843957817317
-63.386840167971755
-120.79240276494534
68.26203770857964
-3.3694521130035544
-30.99548944302947
-39.25325503204937
64.93437769372046
-68.66215490518145
79.25101543566906
8.170633578715371
35.62377273399737
31.070583598908748
1.5021660485347395
24.277498725625307
-26.47213684947731
-74.00291567338682
68.19771239917698
-4.8327723443330735
-18.049509079025263
16.396123834523042
2.5266484118057635
41.65920018687702
-72.3891484570691
10.995886913351534
-37.92878881852347
-4.197584055703676
-100.23866559252589
66.3430915500185
-27.52374784706916
75.26034715378604
32.66400957684002
43.04190261881021
-30.27800099230094
-70.99871238156035
-21.204207946781704
36.829234867955954
-1.3589605417093216
-9.876191102193337
-75.11657961863973
24.713848363234316
5.70831239494634
-8.661978024988747
-61.723618247709396
-15.67663949720446
-95.00218202376882
7.330768409385802
51.54851642997808
8.175384196726718
-19.780276361163615
-72.70491546163686
25.042561973935232
13.79308538350448
51.878710177707305
11.26583554496268
-36.37482453998863
-67.01462755331308
57.52346373723148
-113.83585561875789
-3.903298737552021
29.832888593924086
48.2833450502718
-7.831671087373511
-3.146339175547859
56.737067925065666
44.514337858938354
-128.91366557012282
-59.150074696427346
-5.621663140840728
8.95174849702955
4.641814445045327
-61.01879601139489
52.27028239995474
-34.45140732989517
6.632532593589134
-1.0030477496988703
37.06637382823931
9.636685422873043
54.24601279483986
-19.473641687531284
62.99959789713134
114.15698552986464
-13.16350666643599
-21.206009953590293
15.675310759549816
-7.019912174245967
4.061805873912617
-14.645168064442643
50.32594616315458
-38.10717844429847
42.69604330005249
4.778411876830563
-0.3099099157566223
-35.419130708087025
10.321485706538985
-89.81449382424881
-9.094819531105873
-26.135957118030486
20.492075228387577
10.770413794460445
35.48190270907084
-37.28614493185257
-55.01460947376757
86.43001881552492
-1.0280943932614242
-2.334895270255104
-9.856802611815514
-22.219347346409567
37.690916986421264
-45.79448117302132
15.301500048253299
-47.22476238213174
-26.973491472573848
-98.04835460034049
-7.7792802795570735
-64.43990822377071
-40.10491349232181
40.28858040876327
49.030084951783785
80.32988579708511
2.614990554889122
-33.05683840882692
-44.74797294069902
-63.790745042487245
1.231740918510183
27.085026659003788
62.31952964726408
4.613232365249358
17.8424082049929
43.234682547381276
-46.91717456058276
-51.814571170424564
-3.735825903905197
7.060057775802272
10.7277058205999
-37.67282828225999
-23.5386549308501
-56.726069667045216
74.5615875480228
74.59296073094397
2.546182620976393
16.973702038576644
-51.53649115948869
-69.04093514201337
30.211780575672663
17.208400490643392
-77.67493840319435
-51.86394599984004
-54.543607359686476
-29.290036283723374
-35.20867124379722
-111.37607618729704
12.706988520730482
26.587332862318803
-81.9459545040758
27.958930083313152
65.91594667234976
-10.32542394059246
90.42760659310828
66.35597282564571
-15.319282682423397
-110.91616820493802
-43.20604285071825
-44.19362009434039
-55.74251746998386
-17.925825440276213
-8.415755448282155
67.97514700637419
-77.76264288211159
29.299094412643694
-121.67708746290049
-97.89171237792641
-42.534631220745176
24.175751169134067
-12.54430963808425
-37.7845705714897
26.232872106936107
114.69945244421577
85.83852443188636
9.480008286030614
-12.987213277213637
27.818114474905997
31.65246922400067
-74.91821001733253
-41.51137603590712
8.429293605186228
-66.14971124819009
5.5384195108097485
-7.65273575259922
29.83035244702833
-45.827295594827675
7.284644507931842
-30.61210762281943
-46.087671891365964
-47.72515631232087
20.24660085544627
-7.241870079540059
-32.64505297882481
-87.95210778340554
0.21376106861508665
30.43203043091081
16.51342955875211
24.40940764910056
19.064524763559902
35.761461649337264
13.011210378839326
-1.893110039163307
-37.45545070086552
51.272045124974426
68.46965594276145
-29.54011484615694
-53.427138555764586
33.22493983491198
19.49604293980539
-7.097684961852781
28.584841989753553
-32.45317575860573
-2.963132917242336
-0.34863433590354354
-7.750692540168024
-8.693477348953364
-51.67120852459623
-15.761436512482973
3.051737041138648
-9.058699884231352
-16.936623076069885
46.09181579331735
-65.04340069623797
-51.05014130542792
52.51902374594333
8.98034151521174
-162.70081023649297
9.745520740330711
79.18777256179479
-36.28341177779803
77.08255397085429
-31.613002721308774
-7.461246716739898
22.241938843424784
-35.856876819698755
-73.27892590907827
-84.22436733107791
-30.618203072396156
7.676472799485561
-30.265476309482874
-5.696455279985617
-21.85676101938684
63.619080757088206
-37.02213290188837
-14.558329866120527
-28.25353475748437
-108.74737452135717
-6.240890078057079
-91.20072429735976
-17.45165107872154
-18.20147413420456
-37.26332943271667
-31.520344385810503
-13.721321968313717
-39.76029249882248
-34.6253509626175
-0.7616997882511425
15.555784885307745
9.969371073987453
-25.50681276539903
33.888904460118354
66.48320694722558
64.41107340069979
32.18034361990167
-127.41137290066617
57.71193295140784
0.8430378994033499
23.874528553889284
-31.950467632022534
10.420337827936535
21.305728135511277
-46.171445765082865
-25.830943657504527
38.93137106876529
-103.98075063382915
38.11364141586667
-9.79885969620878
-15.628167288208589
57.78352644935053
59.81725088058301
-1.8426384135653462
0.2982260062517921
92.2967590565499
39.92926945687754
36.29724340014799
24.33561706490337
52.86146499173302
28.873639814987207
-8.82419398739013
-51.44979431481188
51.37340941168164
13.243447464035107
48.399557263825415
-31.889351294877013
-82.47623660990999
27.180235871101292
-64.22064570645142
-46.763564257246934
-2.0530514788272107
-12.482854197939169
100.0421879422127
35.81558529040801
42.54014218577491
-48.46062166249353
7.061544256135209
55.7175734827603
17.79543766650178
47.116565453042
-6.408668465761091
-20.320562775105955
-29.860985864424098
-5.641817078840051
-13.252802232902614
45.82025426139612
29.032690063835698
42.33903347081775
14.38470842919885
-38.32589133049205
-27.341333453505996
1.5085819517501255
-8.992507999733768
129.30119817839366
-73.25346645925495
52.674745674264955
50.255648399905496
-34.074391407036124
24.166494687971326
124.51923795061533
-24.076589089771954
5.842179126259495
56.61601051711533
60.658119507382104
-0.6957435946132803
-6.985998528891976
63.12827498622292
10.315629260008677
68.00221691628921
2.5684800537307106
-3.500395412936953
-17.972304103697486
0.1887807007801341
71.65388521273749
-39.75276747025779
-15.200503104580692
-64.13149185196974
93.92045165057516
-78.02966552171989
-54.05622512307292
-33.06601147230205
-8.258590684580192
-30.388980581432158
-11.227355069718506
89.25522723771535
46.72092495018731
40.345398562837545
-105.72584725911507
61.62071310590716
17.29794666737762
-62.86542459374461
-39.1390334066373
-57.25154876090241
82.31620580367711
21.877342331119003
54.114818874961514
55.62681345066125
-35.08535621674039
67.82902678653473
-1.3907804877600938
-29.445607974639017
-105.7571658669805
23.736603299841885
-80.51121212288936
-74.2964539246437
-19.16733529237694
84.67698480406875
-0.9638786481479669
27.101586165751733
44.00465363576488
89.74498539288432
45.135854612978875
3.67195414979758
11.17109063871559
12.736671299779076
-78.08987937410527
-12.353124994529873
55.5064341165366
13.163123253728436
-61.65501881039484
-26.82783447450469
56.63729615878284
63.39598200336724
-41.4449634421725
32.80932227262966
-17.77161734689732
44.090106872042156
-61.14261436002761
-97.89599948259621
-9.384700123695852
7.497555679238979
104.93979802632154
-23.974867513957555
27.70275195691933
-30.97033910268961
3.740124871352984
41.28280493987678
9.63572883517504
-46.802108955099406
-2.5185001546218633
-44.16072587643861
-6.650822877967175
52.782140492688306
-81.16133566359595
17.783153458324136
-21.688503107028378
-54.95739652526233
-22.261089315952894
-15.9132827803925
-100.31845368970197
-61.160700949519736
-28.219471332950544
-32.340295457674294
-70.7730525141089
-108.97658053603324
-94.05838992461338
-28.747668623586232
-28.209088708885623
-51.19747430697193
-5.533102476477414
-22.96026425679412
-26.7558365017169
-29.138526683875803
37.80915081659991
-52.63155976474078
-12.190678326599366
47.76315651014562
4.482007996693166
-10.008571594527735
70.4270141817552
5.556486868710353
9.262469733987107
36.28173030467819
-17.480356867602794
72.09097498169726
26.05270590126949
7.524845339864663
-37.08875035012979
-0.8376545317502877
-91.06349821938743
73.01051725834414
-12.295623287301453
-17.914435158776065
2.631076483943217
45.6696265914568
5.284126845368169
83.70632086767694
35.546159845084645
-18.460013725960327
67.86871770305233
-5.444155565442733
-20.356018667589318
7.2371839903736115
66.07014935686689
-69.01125839568071
61.425989727292155
72.66295322669407
20.53847591802306
-16.44873217555843
-13.34784799607998
-5.191204757057176
9.810434640918231
51.674798700148116
-28.63134780797218
59.03937907389536
-80.12565328441015
-69.11692775092395
55.007824128464925
2.0113707986594367
-17.360783004253737
-115.54042698700124
-32.45466441683843
46.383514680491096
-25.92361101637134
0.5363272060226989
-28.49207119887076
-32.335691123050005
-5.8809249658600935
2.926943753350824
-66.02065643104012
-25.320494645114167
-23.246421945271514
62.12533729146276
-23.30620301738102
-14.759353756183254
20.337433490143898
50.30999499121301
37.16096165490412
53.76827430514929
6.476408364706021
-31.276287477565674
46.05517298092545
-2.3721016801743025
20.76002850423274
38.34649030806917
28.579623553375416
25.151477721336263
40.3406036749533
-18.99242787110346
-15.91171306453978
-42.69119913674254
-81.4087728741306
-68.99022226030137
-72.19139129270292
-84.34704202510827
-21.16794815624841
62.13935898362479
-24.44936813072784
32.47799035193922
36.670374727223404
34.791837090395084
8.413424513541681
17.98693425451312
-97.67376324805431
-27.363067609563455
-3.2498545115402324
80.91588005070989
47.099904203346796
28.944028471122625
12.483579792328198
41.71428838207883
45.88846437883648
-29.26520959853867
1.2097486286984642
-44.398889474420415
-32.0974708719586
-49.66301565338404
-6.718375783090625
-104.43277054981023
-29.871998202589314
24.120281928679148
95.60058534443287
74.77729745639346
-26.685794084055154
93.70488300243905
11.98577779262823
-112.14351212958977
-85.37320674298807
34.89872093680715
-13.755406556486744
-20.12520600088144
26.93508193900041
52.80266307371806
-32.15804916447243
18.82808797549561
92.680235314369
-72.06842326218569
-87.32302706564438
65.73791056784196
-18.823841142499255
-69.39134579295843
27.341406521294225
-14.94413753628694
-54.441204115171836
-81.83957051517017
43.69756982837404
-7.168329052611799
21.571957563417353
36.49493355536582
31.227716654751173
36.58144863800489
-55.729930468010075
-8.524234399460697
-87.42866448064274
20.090650803327968
8.697753421057545
53.11711076918966
39.84593764125077
-10.44121033414276
-28.903048183037342
-55.5500569278463
84.08065387288394
81.1397846104785
8.345208464474641
44.74519392917057
-118.8704139089625
33.03647212000383
44.05212414631973
41.071827487091426
94.39382415941154
-26.49621193410131
16.86436401886079
-50.07863916373803
40.25970817057457
-0.35241717726768806
44.493085392789766
105.4801616985083
8.8870916146816
-38.65963418112682
17.214155426155074
-37.23248594006385
-114.53102294995489
-68.28455506453203
-14.427332088150003
3.463704817570365
-33.214205664563075
49.12467921314571
-19.287252356586617
79.0933510235738
-53.2472802842916
-5.293137038346368
13.80894431286304
-22.96631531060803
50.01849007184213
-70.51268541781779
47.09573414754532
-61.6679075731292
-5.1886600702439445
23.368280838226315
-26.4698927395304
44.57307577188257
-8.80226615384883
-95.99272200801978
46.83257141613134
-13.83511820799386
-50.79698488091891
-42.833858244886926
-29.986864882896903
20.32560509048274
-27.199052956578104
11.251462886335764
-3.567651814279966
-75.2101631244093
26.215656069019765
-46.01959751777252
116.22292265640232
-9.261743830343411
4.116913416914575
-21.921998257827077
3.995869152058658
-55.19278440126774
-109.76399032310337
-7.781191048314436
-0.044251938554053405
-2.8255507509044335
48.710441164232506
-4.519044907397493
-19.26981440071874
-25.478427818166715
21.88843924441166
-9.88099145557014
-42.55507076718281
-37.68178282020901
31.371032859896847
39.06767419933516
-57.134602501586876
-25.361313598881807
15.92555064504283
30.26906623858458
25.31269715097804
-68.72673066168056
48.04107661575468
-123.95020928781683
