-162.9874144054052
434.6699604983705
343.54139825130267
-175.01460993929553
-403.60547001137365
-974.09504275329
-112.11752654656884
490.2930472418118
215.91464732229957
30.707661149460957
570.6719285224981
-210.9958339783219
117.93985150411898
-273.85620751849444
-284.5332556395907
162.19731633458127
348.76351623876457
86.12445014434583
79.99871519411559
-288.4447262312609
-205.55255048879562
-400.62032169520637
-737.0107462337827
124.34915914200614
-190.3877591931945
-1204.1787942941778
217.52372720555846
-335.48059366603945
217.02813749243234
-546.8802739790381
12.373904799770584
189.40665027633466
317.4463786716593
-781.2988402875719
-940.5070177796692
-120.04984108885056
-12.359489366968603
-22.877368716704353
-178.70993711645013
9.264833917105921
588.5825850760237
508.7832133638018
-89.8040684249498
-191.8653216647408
-100.28615939841457
137.7816083014828
-841.9990879521667
-206.1342002847596
-286.6361614241453
74.42555476744641
-432.75562005898627
286.4258945737249
479.80802813748494
494.60680385139364
-949.3866884141906
298.30599491406986
48.15134530298122
464.60987360677376
336.00316097803324
-231.04627500448322
620.2401679487675
-9.47335940518678
-10.08807179693976
-912.8804523054129
-841.5505232931752
-509.47129326006126
365.62487969704506
217.94190175384978
666.9631113180236
73.93484007821341
649.808947435441
-169.28264840982087
57.97620681246197
-216.4600992832008
273.0435216046364
-710.3941608582495
1097.2178387903982
-422.74360125299125
-856.7851199385547
-414.09373527314006
304.08578816095485
-95.53782388285813
0.5869779239331603
-87.57743582741891
6.3790183834932055
-627.7811734929107
-630.4794844650551
369.5019464605505
699.2365898961926
-732.4019916233611
103.42751574246729
563.4395083126793
-35.8782105769008
-589.5152854166503
-493.2985018474992
-206.4388223701398
91.76202268774304
416.17491806083615
344.7251700566584
367.1167059390191
-195.76836340220922
-142.81602028844264
-49.65259296406809
210.4231589921096
78.47303776248206
-79.89055432932355
826.8992821934906
117.05605608991203
614.5809631838189
-269.97073161435856
24.21983332740594
-675.542518287012
158.58773838426342
193.35751403158966
257.3887255713771
221.65711911760775
-27.05071853310191
248.7809087302579
-1203.0830735235932
-167.9566969360229
212.89499267079788
92.7839812999101
-21.118087964886463
-192.2091401166683
41.81125658921684
750.0484918247016
-478.5667132529283
-503.9299388396122
327.0488023634281
-180.72223959796779
545.26074666509
352.6815525248076
346.95697707158183
709.6536981795979
-497.71476397067414
-356.82910175333024
-265.6860310443535
427.56880271147617
680.7954512023126
-420.6576116501404
153.62426711958014
-580.9722607995941
-223.0387493176361
91.23536723861892
-948.2540015940882
101.43058000849217
1257.493939931496
-367.5713555497104
-811.3763222365227
-190.57096825557457
-362.4338552911688
104.74234373863925
91.4616564517637
11.898556977242283
-88.32784947645278
-189.79802722048808
-37.13345869730197
566.874752032069
-561.548979808262
-263.98751880814564
249.90841340741378
-1397.7727988072934
179.0724898895291
-483.1720791875966
-770.1697528393304
78.07335268186965
1380.0784679017977
301.81595612320854
-305.7673052845527
-5.298671377796616
-223.01831264980774
123.34884424412667
-502.9584289660756
-961.8236882295857
-582.1940335463659
627.8499837943713
-60.38567085983207
259.0587955640111
-460.6310454992178
-251.48543933897824
251.48343276751223
-335.80343088840397
-218.87483599216318
166.36163765563026
-394.0346652666171
-689.63276743651
-105.53964033130013
-401.3209617416989
379.2924638016449
-287.26427819086786
302.3374945696603
465.9377594990613
577.7568764024429
286.8706369568151
439.24303103907135
-146.60157048547663
458.1759086734966
-567.2891667664594
389.7860364014753
208.86791910481966
-328.7175219571197
726.0866905822959
139.50065385746475
-340.530110502752
159.65176112914202
-648.5551899910184
-121.6123378384579
529.4933171793333
-532.7594925484804
21.151258883300986
822.8997313571214
612.9408237344641
-543.0457220202837
852.4777418549684
-135.06755774669003
174.18693771332073
-247.12275312752593
-399.5659382420922
-346.70333548041566
-1191.9484491549872
168.10290438862867
-314.60386301785525
477.4357394252656
-236.62483997256777
15.155201947585171
716.0449720792573
267.00164835973175
782.7633095490847
251.79113479936518
24.810546197183093
-445.80952811752746
-261.48477523531517
872.0152478108473
-400.3310922387872
-365.24887014729364
-757.2897889272547
60.418470848629795
-7.436436922468324
861.326103399786
-515.3590115765751
-601.8790728411171
-59.00237135045353
207.3348923704785
-490.45602022467995
331.4758281928156
-827.5257140028041
-327.61982613032404
-20.168342973802
-788.3683138971113
-223.16690969782854
-944.1962984135832
-21.637464220612642
876.0636423683602
523.3122510992364
-561.3314267390629
-599.6682771028336
-341.18148431993166
404.5050744511123
-610.6841669755453
56.50674174636934
-148.9879971040639
420.4766300914659
1097.6282916943444
-723.7842177591991
810.942192819916
-311.12607700604735
695.2565107571119
-106.23713977257287
392.3179846341061
-200.38156673821277
97.962066252118
68.66385251817451
216.97386150879825
-97.67581104662561
684.6895664970896
204.420774930849
573.7017659855708
-762.5237070459995
-368.6343515285066
516.2806699779286
88.90205724837664
-862.3963311168354
-435.00122372458486
-248.8821194845553
-89.73899469326932
-518.527903906422
682.5339025466945
133.437657380237
-124.23933668830831
-419.8590902794627
818.3501290036605
-336.6482999709899
233.33264226243412
315.49517945249556
977.1447732130299
538.5602795936267
-39.37809527059701
-667.826316776841
-358.5534210060712
-288.85047763314026
-772.8705659884546
-418.45353206687076
277.87969333318676
600.25904029876
442.4621405334709
145.48792142693097
533.7514562221335
925.3677332612693
598.5793293643299
-92.81544404696575
148.92757683531784
-694.570000171869
179.62068876870148
-221.53375422612928
749.4025282450757
-357.69394021166755
167.2645413910264
-216.34352932829862
-287.4382494666552
-659.7790784899651
639.3373483607202
753.2475292174028
32.094479033366326
742.0430801537653
-544.7971294407296
1112.8125073015094
-614.5637898443256
-299.6308796926807
-160.41397823120442
232.31409583434362
-190.87313783976083
937.3331970829266
730.1886362853268
-348.1741637279533
-139.42274488405408
-1197.9269135568436
229.21817857944217
183.09052940354184
-566.1886865722872
-2.477278777942832
-673.2372803995778
-246.32792058708142
-714.9828101279346
-263.5998455319606
-291.65454242173547
727.5840302074071
-48.66838239003673
-341.3925936195172
880.9655748064937
237.44460197965384
-23.15062250313686
-762.8516705076858
304.4830751815719
292.10572448181614
504.6585548497092
-659.416835484298
-526.6412366848248
720.6881604705854
-71.36055272203801
1113.2755601182514
-734.4078521770375
-237.04963073887913
149.13336053813862
-910.4535825519259
215.30773048193362
-814.0346370548415
227.06885839434705
414.46915101137165
255.47962446772175
755.6555324336933
181.35892468777067
326.3627757550881
502.70329218993686
-262.0142106151386
-454.31173678913376
-225.61331465146662
468.7269256457532
783.226248927211
-661.1024236496758
401.8800688728497
-87.76807602472913
-136.78168065694788
625.9502217400544
-204.92707864930895
-321.59432136471827
683.2962403134136
-636.7062585120035
600.7984145499976
-78.07697176661411
221.79966636643024
-442.42029069413206
1103.1044230358596
94.81899311304198
-147.4357574859023
498.80357421350095
1005.7071395072172
59.246589674986474
712.3076814839922
-383.65877142195325
145.06095693319642
-8.375364704066541
-446.250636740382
-286.50164662641475
-392.1193256456231
613.1558871307099
49.107909256831974
-610.427168148895
322.2580129906831
-336.0029834026718
671.7410352058987
20.26786617139116
377.5378812502858
-249.69569429656195
39.21365540943105
194.53368584050665
-798.5513925642837
-681.1864419522259
480.86699768769785
222.9252764430938
-797.3448691859882
-514.8944947113657
-248.26422211374864
66.49193621467917
-708.0332072986704
411.4960129171544
-1040.9689844114662
225.76754671166603
393.3093458972611
-581.9084805339292
-210.02771250584115
-282.22832586897306
-505.58006279621736
-546.592468863935
149.66285660363246
458.54112614832326
604.5964333573435
-306.1898838077657
-305.71579968062713
-5.1359192227001085
77.55858766053178
375.66009543379505
-351.68367636682376
758.645640046898
-628.1831531451542
95.00642492059657
-469.1638976734155
-621.6873462908933
-505.90457500616986
24.741413724339477
-478.723312744016
164.8055291250709
-525.0180348298422
597.3854936208313
-283.91290770386
-549.6549855007113
285.610393124216
-298.11691824620954
978.716574789226
-77.214843484628
-239.97302126616978
240.05096542678626
-102.55310432156337
-22.40902783355381
436.9610912609838
326.60703130931284
-273.08209938931793
585.5055961267815
430.56159997025435
-366.13894870822975
-689.8171055378618
-120.50873801877786
-572.52468713126
-188.9453398719453
828.4307119425952
-508.9991106756516
1385.2459728356055
368.3429275390924
283.1605707232467
-619.4206778918267
-370.43613202411933
-1.5667485575531908
-91.20238133358924
-75.89346544908429
-571.5863414172477
113.66033525002766
-505.7291075644673
228.60688071391556
-152.30289677713068
292.5924673576459
1239.992182061437
-405.5205805167462
439.1132868625974
-68.69147888900932
442.00606416386313
545.4761191328397
-463.40009564837743
-640.1952527684516
55.704962088999515
212.1501681373029
-200.70206259080015
-599.7846251631324
-86.38442870788694
-928.2485172647979
109.24306886146778
-650.9556897411281
-479.3443205549233
654.257164040404
49.25007308940533
-471.59096950538566
115.18197541243885
-579.0773351470137
285.32242544932166
-261.26963469016664
238.4037250318967
-138.12300724785794
-61.32662004958758
186.62093269248348
564.9934565152992
534.6335141336764
69.30463162538594
254.2760352098238
-31.110142212892157
185.5877146201922
-949.0427234757585
-151.94923863522686
240.25353708764746
118.61603516353364
-618.7161764097083
212.8509076988936
-615.4352411391005
578.0733303705073
-326.6630711115604
-1.5689144519070233
-724.040182623357
518.5412092011303
595.2130223394676
-99.94430268536924
370.5352674719848
-165.25598174342758
98.08447378504025
-218.01820866969277
192.80332276329338
-62.21362403195813
-252.36437901019275
-238.80425443415538
882.2307156505403
458.4710330395497
-621.2072022210452
-889.686438226037
-284.11748736951347
-397.93732560689773
362.2513457063807
-442.9981633397597
-357.24866491640427
-544.9298236342796
241.61722269549807
137.78313156515767
-420.2079229580308
-444.2492827434047
-374.29960528165196
-941.1290096844201
548.431798485873
-37.826766595135155
-688.8022968319409
-327.11160066354194
-159.7491917830724
464.4088187310982
-487.08120722173805
43.79279972237118
-755.2159304645656
424.6870655042968
75.54888089566504
62.83529053683256
120.47206593485528
168.1472455840591
-488.1076270405317
-376.258296884137
-702.726499938446
-163.87559650711142
-707.3481417042133
-261.6324118930035
-959.2410680361589
-243.38686499106961
440.85565875087735
-622.4161185808815
-289.2386270938279
-499.21471147578893
-655.3919740127978
361.8124120093487
-432.7168880340564
74.93418771878414
-381.47578044082167
-287.94509945235774
-710.5177800949081
55.23405950948124
163.11501822957973
-0.42846187025282667
496.54940523169546
96.1926681497707
469.71787006831505
156.66207478831612
-30.322779888344307
267.47605762307035
-717.1919416366575
485.1778576598257
277.29176277373466
-70.56361648206254
-1051.3587439301057
-1104.226978296394
879.129441756067
-667.4219225282245
626.3708772067052
330.778315593844
543.9319998195374
-448.1020883864232
-405.88565753407676
863.298964657221
172.31069942015765
194.40693864615864
-199.1647566572616
114.82680860642002
-262.2863145936495
760.4007461994885
24.950650576429727
1473.8089256263186
-70.03918503926221
557.2733541797656
138.3894063101845
472.5868229186058
18.596177169356718
872.1283891644281
600.0122952244565
419.7482554941606
-784.3407337840531
-640.2647180793895
38.40910863560479
-79.73427698098865
-157.4530054004384
496.5019860582381
193.99650212587702
122.63352748875316
270.2334700393617
-94.78594132021583
154.0342089913965
-398.68163696393265
-398.84610483174066
86.79085321072841
-364.6383199364763
-670.4305899767159
1129.4618533924156
820.2672597709176
-373.08983896108464
78.03204570044949
-180.54429756007036
763.0343354790293
-264.8494963258558
265.2821841444049
529.9824898175976
-222.14296421023658
-220.543571689462
-942.4322330292008
203.03430143753047
192.9088211455721
-215.12933639411793
-1230.2470727768496
-84.71744221912513
446.0327030088959
-263.70851475212584
-244.53423975855017
-385.9217204610624
185.89733403308207
-113.01957321739448
-70.61922649105723
612.1826291312418
440.41911843423327
480.9900406312056
232.98907269378924
32.814683851143045
401.6350150919545
-129.7203019306869
-703.4019847702788
-375.80083481163246
-617.8290084041532
276.47809795468044
-597.5509219525462
-744.7134500714806
90.97626308824395
230.86399664115467
-140.12994457489782
544.049148873653
365.3861504243131
294.5021870317255
592.1250082509661
654.4349211460876
273.751867861097
221.35667106697275
-61.38476941890847
-104.2271491662871
-169.68285831791894
-24.56958815507414
404.6439266614337
52.65553325136079
596.1030890803784
52.642714642200886
-855.1270286014669
776.3521932378198
-53.528722131258064
-161.2288202303034
-534.0678675232332
-127.98266657765544
490.7024910962082
34.32503043213159
71.06674151624799
297.8129109505973
209.26508764219443
-443.4816855229597
310.253144691739
266.91835476767216
935.0652596071203
411.0802243467245
-79.60178922907565
-105.07639535623272
941.1652927328637
489.60135964935193
-233.84861658757995
-88.82595011384178
496.46206070419186
-46.62659727959233
-465.673876456702
-46.73780765289804
-142.6760084730357
678.7631922361883
596.0198806560667
364.691887474083
218.72564105032498
168.3408257328413
-751.7009466191871
748.8124749971226
215.74749990956352
-818.7878668021193
-250.07319688669781
202.5833079472193
352.77722715249365
-382.33634422347586
174.94237745911715
-179.51366058433916
431.0765845623032
54.92035266594583
494.54675107415756
-621.0598627355644
523.306529613982
174.66636936657264
-148.68448040520036
-210.27364202101467
570.6684696423872
-150.6823543774507
425.0991540201899
-156.48122370414617
1.1470115312095785
293.3403249187914
1114.655275655674
-56.17268236640635
116.9981808187877
103.58295514243036
-123.23925473667381
389.6967788143769
194.07615622055567
-518.5130456896745
-147.9219981178618
332.6975486130356
-474.48840846628553
-161.87800452758145
317.61660167134966
-205.9209602474996
-238.16965261296664
-639.0343645702246
-361.4881533886635
458.2613116628345
-334.8858384257106
-268.23825140978204
1.4804632020055677
151.19067756505785
-335.0745312837512
-169.13056805415383
882.9990864759051
358.5735934539263
724.1913170268734
1020.4134356482202
287.4167989062614
202.74243923951587
3.935845437493281
-375.4860114552586
-370.7374607229279
-528.9268996610543
-147.98110379542277
-574.2815622561836
35.890437370271414
632.7723605569652
499.0243753815744
-257.39335344176436
391.03085409736525
771.2987360847322
47.18363290099353
-524.3739202340304
-389.42456031059703
-67.21240598946014
-289.4867345660669
-338.878365799766
451.3481992807863
826.4538350290003
-279.86653707500886
566.8740966307438
-466.07223560167387
-268.0041557545334
-322.0964147707068
1167.5964421451415
587.2775731967131
1028.1639043718515
573.6838439862438
641.962963847765
251.91565137890396
-712.881659083688
-231.0266592074281
-271.17914085897627
-447.34847969656556
-61.34346194035625
-416.5199327826004
-101.67480762865492
60.54305925541336
-6.305686166864346
215.18546590084634
769.5060802333228
763.90670228467
287.68378720811705
373.21689969600527
545.193754788574
827.2211870045486
-10.379457098889164
-776.0672951432796
145.34044470171528
-1084.8905381226282
15.5065805163008
-479.19483884395817
1031.6311471294682
-578.9141266956682
-42.96105349698276
-1484.8672243910848
699.5963006149557
-488.842418042291
224.82683921659086
1032.8966496703806
-374.0510270637722
478.8364181924786
284.1807964568497
509.09555939994533
-150.19446028671697
-73.59448690164255
87.34270907727951
-235.94975995349924
-172.20054283868862
-47.29287406424873
-657.6575884134562
552.34488130771
1156.120608902699
-331.49965269686294
37.19409049388131
436.9823892808184
338.66884193376626
356.6559643892467
-99.6575230494579
369.7995342653255
-448.12861439439916
493.0025158530176
385.26978556408096
15.691277722568692
-1221.9723747984601
500.7319895299022
7.334309589703054
-397.542239168589
-112.3118962398361
840.9570076140573
-541.1712241638106
335.0202461316031
-1177.1344036024075
-119.50196470874869
7.5582449314688205
98.49181865861014
544.7911191682851
250.90501949364105
388.2897303795734
816.1295063494423
5.464489595006867
-251.80480135319343
260.7561494374942
-223.38666206747905
633.272654708052
261.61307162621364
-616.8517823821386
-809.6821771112602
-799.8635061719095
-98.32345079270692
42.72496543130178
-378.3137091995455
1063.1493752785632
368.43723793215935
602.4959647476386
94.51592937390973
904.1070239825231
-335.55445299697817
-484.57579571913044
-444.3131804635835
800.6186201725606
210.83989321357413
-702.9721059785223
-669.487696839782
-355.1609372904786
944.969039409117
89.35834079179465
-726.9402557182536
231.1201837782261
-1007.209920936358
110.72325054016648
-102.23028199342254
197.10022023831277
-620.3960965779663
1083.8835588492166
-142.50103816661422
-476.3257711080793
-244.15174615995963
-528.3407255297293
89.77186319185668
404.59279032772093
82.42431245605388
-844.545489071642
-28.584966957329897
-899.1669773909963
369.18213056573893
-299.98838768564326
-228.3925693154837
134.95907781059256
-331.3335797517442
798.0863699626973
-90.81105107333319
-339.6811815255468
-106.85286799153944
134.6192866225007
-165.14407191892548
-83.90646989854123
-1.3816990982583262
134.86672989365076
-377.91396356551195
-98.28904135829573
1091.0195882706778
-6.950473589391214
-223.05788769526646
-29.627876718967745
-784.5813422319245
-363.46331946775604
261.016151789342
167.71443673112645
-207.07882856769777
328.57688634034207
707.1197607660737
430.660725273097
-250.88376420958423
422.23373966598695
-687.7380020701739
-485.70618771848706
-234.28371642148338
-521.3873173614004
392.9718749720753
282.58208499507754
491.2333851683612
-318.76327529445035
837.4288040989594
-404.64980583147945
-715.54277672339
455.99267269824423
-656.9620309500286
-72.12123495406397
-284.90726250159787
-833.3043045680967
1111.4526111447385
-97.71409875144894
-243.82974777627518
-742.4363340625254
-25.488957696418467
-678.6869260523405
-206.8655431940468
63.83182663615158
-490.1502019754336
-1144.8715001227313
-389.71015924701334
-706.3080801007515
-661.6324268482261
-462.99667368854256
353.93285379265285
-195.05198434807954
1323.6264794578913
-171.5510571590827