   6.3378708e+00
  -5.8833630e+00
  -9.6125018e+00
   4.7660201e+00
  -3.4214706e+00
  -2.8401427e+00
  -6.2521677e+00
   1.4857604e+00
  -4.3826777e+00
  -6.8288443e+00
  -7.6119822e+00
   4.4129929e+00
   6.0952564e+00
  -6.8991122e+00
   6.6085813e+00
   9.2783860e+00
  -7.8344094e+00
  -6.9112865e+00
   2.7013702e+00
   8.4657246e-01
  -8.5556086e+00
  -5.4078397e+00
   5.9403867e+00
  -2.3292414e+00
  -8.4395985e+00
   3.2020784e-01
   5.5788163e+00
  -6.3464194e+00
   5.9289704e+00
  -8.9819906e+00
  -5.7287197e-01
  -8.4746645e+00
  -4.8484901e+00
   5.6010699e+00
  -5.4524078e+00
   3.2625028e+00
   2.0273695e+00
   7.0519232e+00
   5.9357774e+00
   4.8800529e+00
  -4.6784533e-01
   4.3695133e+00
   2.7894913e+00
   8.9488500e+00
  -5.5323533e+00
  -2.1637461e+00
  -5.1473786e+00
  -4.8494509e+00
  -3.6630056e+00
   1.3347692e+00
  -1.9512062e+00
   1.6552614e+00
   9.6457748e+00
  -9.5829872e+00
   8.5738815e+00
   2.9083269e+00
   3.1500449e-01
  -2.1381970e-01
   9.3101196e+00
  -9.8570532e+00
  -8.0221108e+00
   9.0689009e+00
  -5.6178584e+00
   1.5304442e+00
   1.3710384e+00
  -5.5733621e+00
  -9.7739303e+00
  -4.3352856e+00
  -2.5957197e+00
  -8.0007051e+00
  -8.3386701e-01
   1.7267207e+00
   1.4882055e+00
   5.8621273e+00
   5.6216912e+00
   8.7309088e+00
  -7.1508358e+00
  -3.5743489e+00
  -2.3115631e+00
  -4.1766154e+00
   4.3549774e+00
   6.3925351e+00
   1.6358899e+00
  -3.7993921e+00
  -9.4110958e+00
   4.0244655e+00
   3.0112887e+00
   2.2574267e+00
   8.2828462e+00
  -1.9578993e+00
  -4.2522198e+00
  -5.4889638e-01
  -8.1785640e+00
  -1.7800727e+00
   2.9590873e+00
   8.0916898e+00
   2.9778531e-01
  -7.5212088e+00
  -7.4703265e+00
  -6.7064829e+00
   4.9211972e+00
   6.6104451e+00
  -2.1904344e+00
  -6.3662741e+00
  -9.4845332e-01
  -7.6563448e-01
   9.0262553e+00
   3.0385018e+00
  -4.9088884e+00
   1.3141122e+00
   2.0620251e-01
  -4.4043112e+00
   8.5741812e+00
   1.4597088e+00
  -8.3265300e+00
   1.8000443e-01
   3.9122432e+00
   8.7598432e+00
  -5.0179273e+00
  -8.8435899e+00
  -6.7135770e+00
   2.5460701e+00
   2.2357706e+00
   2.2713897e+00
  -6.9166471e+00
  -8.3422964e+00
   8.9948872e+00
   2.8409736e+00
   3.3615277e+00
  -3.8084954e+00
   6.9642818e+00
  -7.6159929e+00
  -5.9965893e+00
   9.9885842e+00
   2.1747938e-01
   9.1600312e+00
  -6.2914691e+00
   7.3449370e-01
   2.0850399e+00
  -5.1260824e+00
  -1.9020340e+00
  -3.4668169e+00
  -4.2738490e+00
   2.3953842e+00
  -9.2426364e+00
   8.7472091e+00
  -3.1972405e+00
  -3.0101704e-01
   6.2246202e+00
  -5.5060577e+00
  -6.8897969e+00
   8.9737847e+00
   9.3193538e+00
  -9.0521560e+00
   6.4474405e+00
   6.7074747e+00
   5.8973187e+00
  -4.2536318e+00
  -7.0582877e+00
  -7.1921248e+00
  -5.9250252e+00
   8.6672350e+00
   7.3318148e+00
  -1.2752264e+00
   3.3403622e+00
   3.3990807e+00
   6.8586603e-01
   4.2941414e+00
  -6.2660161e+00
   7.4892401e+00
  -7.6586529e+00
   8.0981864e+00
   1.2127144e+00
  -5.3762137e+00
  -4.7977204e+00
  -8.8981153e+00
   2.3728480e+00
   6.4969928e+00
   7.0687555e+00
  -6.2734876e+00
  -4.0003769e+00
   4.3617857e+00
   8.7588758e+00
   5.7568158e+00
  -4.3368781e+00
  -1.5822726e+00
  -7.5342627e-01
   3.1537441e+00
   6.3618072e+00
  -7.7414627e+00
  -1.9704735e+00
  -2.4365516e+00
   4.2581762e-02
  -6.6160100e+00
   2.8038475e+00
   5.4981279e+00
  -1.0923843e+00
   4.6749396e+00
   6.1131366e+00
   3.8005620e+00
  -7.5238847e+00
  -9.5442056e+00
   7.0604963e+00
   3.2301499e+00
   3.7618212e+00
   6.6430040e+00
   2.0844233e+00
  -5.8138250e+00
  -1.3785335e+00
   5.7638689e+00
