-2.475425128218008197e+00 -5.481006504372055305e-02 -1.528572434126669877e-01 -2.362123414645095065e-01 6.374899092039784665e-02 -2.584499989762540917e-01 6.369621918544257633e-02 6.327755487793308709e-02 9.019818486147668235e-02 1.004991867046440696e-01
-5.481006504372067101e-02 -2.054813105990612065e+00 -8.391525851901480981e-02 1.034098572091576990e-01 9.968537371010044446e-02 2.658988058433567336e-02 -3.087024410145416259e-02 1.496639339063130236e-01 1.907680229856573151e-02 3.275639290019463079e-01
-1.528572434126669877e-01 -8.391525851901485145e-02 -2.160305745111895881e+00 -1.043437746140952888e-01 3.785878547918068715e-02 1.186307050872255700e-02 -8.529341367341974900e-02 1.930724251090612797e-01 4.760649146106979424e-02 1.075798496382197877e-01
-2.362123414645094788e-01 1.034098572091577128e-01 -1.043437746140952610e-01 -1.594113253614129588e+00 -8.933438939771570775e-02 -2.835206054454846372e-02 -1.924992596105309581e-02 3.761177183900368814e-02 7.073298860885313122e-03 1.448484295820335332e-01
6.374899092039786053e-02 9.968537371010041670e-02 3.785878547918068021e-02 -8.933438939771579101e-02 -1.559395126870490644e+00 -7.561606126192508930e-03 2.179281978871028258e-01 5.411941439002899285e-02 -1.494783643695496433e-02 -5.609713456336673509e-02
-2.584499989762541472e-01 2.658988058433571153e-02 1.186307050872261078e-02 -2.835206054454843597e-02 -7.561606126192560104e-03 -1.925342274440292378e+00 -2.550238848332535557e-01 2.339750566833630752e-01 -1.174094478059096724e-01 4.617880271991355035e-02
6.369621918544252082e-02 -3.087024410145415218e-02 -8.529341367341972124e-02 -1.924992596105307846e-02 2.179281978871028258e-01 -2.550238848332535557e-01 -1.882857434437427813e+00 5.720112462555255323e-02 -8.747646919209450811e-02 1.111471087654116036e-01
6.327755487793300382e-02 1.496639339063130514e-01 1.930724251090612242e-01 3.761177183900365345e-02 5.411941439002894427e-02 2.339750566833630474e-01 5.720112462555261568e-02 -2.355546030617704734e+00 -3.555193758706418072e-02 1.079446910801634962e-01
9.019818486147662684e-02 1.907680229856576273e-02 4.760649146106982199e-02 7.073298860885281029e-03 -1.494783643695493484e-02 -1.174094478059096447e-01 -8.747646919209446648e-02 -3.555193758706417378e-02 -1.555800721879278647e+00 2.054515959171168693e-01
1.004991867046440973e-01 3.275639290019463634e-01 1.075798496382197322e-01 1.448484295820335888e-01 -5.609713456336676285e-02 4.617880271991350177e-02 1.111471087654116591e-01 1.079446910801634824e-01 2.054515959171169803e-01 -3.216160183461937550e+00
