-1.899962825420700696e+01
-3.786187542648654869e+01
-2.001425753394987694e+01
-4.959122561852866706e-01
-3.960783759027532369e+01
-2.848128765648020888e+01
-3.849880233548648789e+01
-4.427267071302237866e+01
-2.028820834312573318e+00
-1.114474943840218479e+01
-2.461502226450860142e+00
-1.875235787155441969e+01
-3.963068270710451202e+01
-3.895882062500867882e+00
-2.127451520577546873e+01
-6.280784361771232227e+00
-3.397890299484527787e+01
-3.707641075504556483e+01
-1.836206389749392320e+00
-2.295402932401903584e+01
-1.033641579192243931e+01
-4.328664418118506774e+01
-4.531935146270927106e+01
-2.834039264664734148e+01
-4.529305599550630745e+01
-1.557475809069068973e+01
-4.007890608172352387e+01
-2.006765620510796566e+01
-1.071853963581956037e+01
-4.274407926049991602e+01
-3.184387333023872557e+01
-2.758876608880284298e+00
-3.938937489996283858e+01
-3.073920780344744230e+01
-2.742832964022822040e+01
-3.372510754972788050e+01
-1.201415372393671888e+01
-2.690536151506170270e+01
-3.710307265152624012e+01
-2.042132895453013575e+00
-5.958192655252082304e+00
-3.629302788577511052e+01
-2.718309577130379751e+01
-2.463927052120284955e+01
-1.123530065539555167e+01
-1.351087394832276622e+01
-4.273999628342495072e+01
-1.964148444917698910e+01
-2.725307511314135844e+00
-4.050777356507694549e+01
-8.702161574066494154e+00
-3.848048509365093395e+01
-3.995590149705886773e+01
-2.239561327135876923e+01
-2.795835982315589874e+01
-2.535399714191562026e+01
-2.785177202794640294e+01
-4.015058288301499800e+01
-1.275635623604175173e+01
-4.004319945293957517e+01
-2.515839414873808977e+01
-4.744251023973402148e+00
-1.011107273004437523e+01
-2.724461878010908933e+01
-1.034624341562438055e+01
-6.381813341396082251e+00
-7.775001038207300041e+00
-4.045335879917451649e+01
-2.853123485106440427e+01
-4.398537759955235060e+01
-1.637292938942285403e+01
-2.808329726697493101e+01
-2.700152659625756257e+01
-2.760381357461852758e+01
-3.051367043907392329e+00
-3.334718710056961299e+01
-4.227755356461619130e+01
-2.390147952298919876e+01
-9.113789192257153005e+00
-3.360604851576289320e+01
-3.580474157149423076e-01
-1.561716507318841529e+01
-4.130385500784294805e+01
-2.588577184309240309e+01
-3.988107367253727631e+01
-2.767045304826100960e+01
-3.773216354862281463e+01
-3.996816621929946933e+01
-1.502301094295692430e+01
-5.043110379295212553e+00
-3.457563311420592100e+01
-2.066278558852471647e+01
-5.527070916662808919e+00
-2.819497764498726866e+01
-1.353169472113017413e+00
-8.919979617712648690e+00
-3.513106796372185414e+01
-4.424224632848054450e-01
-1.402040286914192713e+01
-1.209295614267082986e+00
-4.535139240772745950e+01
-2.810374069803422969e+01
-1.380533248384219469e+01
-4.258103225741140818e+01
-2.308031126712183223e+01
-2.172729526372024367e+01
-2.664784797532022509e+01
-1.168833395636493400e+01
-1.465416956024735207e+01
-1.673829794497229884e+01
-1.142831563668941897e+01
-2.695494368567267429e+01
-3.101982603541551242e+01
-2.961989971046555592e+00
-4.572967586115500893e+01
-3.474052500196015103e+01
-3.693237202644855444e+01
-3.489074120942302670e+01
-3.305481045495409997e+00
-2.129895161964013539e+01
-2.080591374007856587e+01
-3.137407850087691585e+01
-2.059686207376477185e+01
-3.172392601304697735e+01
-3.140408353480447801e+01
-3.187985718284854286e+01
-2.866857672153759751e+01
-7.200697044925790102e+00
-3.444728959875993723e+01
-3.662382904003416684e+01
-4.195866056466734051e+01
-1.056498295202760573e+01
-7.806950355999898505e+00
-1.774691882859553260e+01
-1.417121585256008132e+01
-3.564217771878964669e+01
-2.827267375654502501e+01
-3.485774455130298577e+01
-1.941153211138533408e+01
-4.205752221987840933e+00
-5.316820624778618942e+00
-1.792938132332276879e+01
-8.216160432296534921e+00
-3.711328966147883079e+01
-2.700403161386510220e+01
-3.108447345504047377e+01
-2.153926248440714986e+01
-4.312553035818968539e+00
-1.118384481969324007e+01
-2.041542764433313550e+01
-8.768560006507255977e+00
-1.190798548375645360e+00
-3.363782507643150410e+01
-3.175674389426070832e+01
-1.552867292878187300e+01
-3.834558626198568732e+01
-1.870166466879877021e+01
-3.885576652156932909e+01
-2.911688783581930196e+01
-2.679808912097534090e+01
-8.782394636804911059e+00
-2.378711875355561034e+01
-4.085578836695820115e+01
-1.406715405718255241e+01
-3.952445870610601020e+01
-4.243781959636866929e+01
-1.509861061242811431e+01
-3.068865976287970554e+01
-4.284584446753429177e+01
-3.340911345441220703e+00
-3.943929238882566324e+01
-8.098533004928393453e+00
-4.053774117918415243e+01
-2.980795286390935317e+01
-1.590830277548341343e+01
-7.207177172704180457e+00
-2.869833161562486978e+01
-4.084533442639960299e+01
-3.754185855427321172e+01
-2.868753157226910844e+01
-4.363571472192976586e+01
-2.727744902522210424e+01
-9.404635956656255402e+00
-1.986157650730039137e+01
-1.493103168099950828e+01
-4.551814468406508496e+01
-1.668482016264420054e+01
-4.339120197638485621e+01
-2.404602545485843379e+01
-7.197719087763872814e+00
-3.112785409404714265e+00
-1.687145297773377450e+01
-5.774178342744074932e+00
-2.845429616537312256e+01
-1.955294533382427602e+01
-4.562379879871252797e+01
-4.216743029621309091e+01
-6.648073768499983771e+00
-1.860196164294663390e+01
-2.140563841447749382e+01
-2.548912629215293890e+01
-3.661553512729854276e+01
-2.266151429019427610e+01
-1.918163885689275716e+01
-1.232586928162848317e+01
-4.282501801486993287e+01
-9.121055711400106736e-01
-3.764744081256969821e+01
-8.774403435341632473e+00
-3.148261543485275027e+01
-1.590570947876733499e+01
-4.353425168273473389e+01
-5.473553776258709647e+00
-8.365700799777082253e+00
-4.182358649557195207e+01
-2.649448006797347688e+01
-1.427580181041304463e+01
8.690794542985284810e-02
-1.045312912030206576e+01
-6.891101780551649014e+00
-8.833548963569253232e+00
-4.091457231373741621e+01
-3.967801674877620144e+01
-3.019522503726220464e+01
-2.217711395945574893e+01
-3.889445482889458106e+01
-2.282056601218571146e+01
-1.660674912905089684e+01
-1.335027578202000065e+01
-4.276735996105172433e+01
-1.792320257091245850e+01
-2.339403153061150320e+01
-1.126561981147716018e+01
-3.999135865480055685e+01
-1.808064528647312841e+01
-1.358319703483761032e+01
-3.440974789238504172e+01
-9.189459727833920510e+00
-5.002380816636875061e+00
-3.866882970881858483e+01
-3.475314621986802166e+01
-2.715640912812394347e+01
-1.106831407267152123e+01
-2.932190240104031176e+01
-2.958868162001951774e+01
-1.443450141502123074e+01
-3.264419315392614873e+00
-3.952569118342238141e+01
-2.100048864093027134e+01
-3.295918361021634269e+01
-1.257125052355471162e+01
-2.798756314309048676e+01
-1.926601225051148703e+01
-1.793527325920636173e+01
-5.907987336692071878e+00
-1.154903954280918654e+01
-3.693391308650431526e+00
-1.338041123466196325e+01
-3.370621100980817175e+01
-2.773868497749497664e+01
-3.032820562265454356e+01
-2.650780777533390253e-01
-3.128790915418025875e+01
-2.145006467627095503e+01
-1.084269127565999824e+01
-8.142302736038544708e+00
-8.712888423571177654e+00
-3.752407156003505406e+01
-4.549441961954338609e+01
-4.300466224722978126e+01
-1.585902669947622456e+01
-3.669792093235985675e+01
-2.555911212529820986e+01
-3.571879394638535388e+01
-2.253517062960493078e+01
-2.665590912171585458e+01
-3.649227263849424929e+01
-4.092033889305946026e+00
-2.478286247513445417e+01
-1.650003965341073808e+01
-2.740223485588523644e+01
-4.371050269626569218e+01
-1.780490575705230327e+01
-1.847554298323787236e+01
-3.620264306166066604e+01
-2.985346663808661205e+01
-1.895198597499861748e+01
-3.131371632871379518e+01
-1.861129881089827620e+01
-5.559981408854248741e+00
-2.075553906887509115e+01
-1.574614931555845665e+01
-1.032724201356571569e+01
-4.292729760868222399e+01
-3.067166885563008094e+01
-2.661944614553593524e+01
-3.297383500223027397e+01
-2.404147987942699416e+01
-3.371813678471824716e+01
-4.126423097912748261e+01
-3.979515831858453367e+01
-7.503880884105038618e+00
-1.107945532285972234e+01
-3.113645687797211181e+00
-4.380759294818516736e+01
-1.044867010839030286e+01
-2.897273271408170814e+01
-4.517189721981686112e+00
-9.941149957917289726e+00
-2.315147455426254197e+01
-4.879845276537309040e+00
-1.678137999473819519e+01
-2.403093132206315730e+01
-1.550764850734068467e+01
-2.624251817334637238e+01
-2.399493772406715308e+01
-1.793128048839266242e+01
-3.267599271898967572e+01
-3.085542247764716350e+01
-3.217030651452151346e+01
-2.486613473687884479e+01
-1.576797644317562153e+01
-2.743559977512418158e+01
-4.181357079550485878e+01
-2.757337387494500547e+01
-4.480408573095048297e+01
-2.034041147274383476e+01
-3.447114043468661748e+01
-1.991171049614250954e+00
-3.521647168573195330e+01
-2.359534833183934310e+01
-4.362856890046867830e-01
-1.213846853161455641e+01
-2.570013862457807363e+01
-3.441467969279609207e+01
-2.827444645860933914e+00
-2.464548165131461843e+01
-3.530660692121104915e+01
-2.786279066042188290e+01
-4.150617280634237005e+01
-2.847179850459050421e+00
-1.304341979948470609e+01
-4.204040952581014778e+01
-3.391234314865635469e+01
-2.756607059782599478e+01
-3.839071699427498885e+01
-4.099542184242666565e+01
-4.513950945687552263e+01
-4.611069527408126589e+01
-6.276614554769804677e+00
-3.086404720039955141e+00
-2.884895859199574808e+00
-3.524320577725446602e-01
-4.376484135233138062e+01
-4.283199894518252115e+00
-3.747375709414789924e+01
-3.192532712432972275e+01
-2.230376788971972601e+01
-1.555262759928982064e+01
-1.620188868766254586e+01
-1.163777690225223438e+01
-4.080467015820705257e+01
-3.455082307035431199e+01
-1.095872767458610397e+00
-2.112925741230690946e+01
-1.305810570055648689e+01
-1.380148047877358897e+00
-4.192206419846326781e+01
-3.394781113337087675e+01
-1.507424840963490809e+01
-3.689394689660518623e+01
-1.457771018565656007e+01
-1.359898097303798714e+01
-4.203998014392327320e+01
-4.248790354284329851e+01
-2.356672932733454928e+01
-4.430182895933020149e+01
-4.142751349725447341e+01
-2.336301676360745105e+01
-1.748014106732697215e+01
-3.381197936928634107e+01
-2.101970634661971005e+01
-2.756097027751637896e+01
-4.465474285269976207e+01
-3.506702839909250713e+01
-1.469605804824731088e+01
-4.036216251732730242e+00
-7.539302448998318695e+00
-2.531316500558037674e+01
-2.057913753098965515e+01
-3.627197447840674016e+01
-4.397379656018943450e+01
-8.376674093897534590e+00
-4.125573832478505665e+01
-4.442972321879847186e+01
-4.308741760581651192e+01
-2.276555882269229780e+00
-2.734996181730039666e+00
-3.605409372599230888e-01
-1.363252301026752455e+01
-2.607537392516791286e+00
-1.409711753232027220e+01
-1.592262243183345483e+01
-4.382913268205032864e+01
-2.118280861742674759e+01
-1.232762997105268354e+01
-2.351592849608251612e+01
-2.924661931936873671e+01
-4.959554331642916480e+00
-3.440097511962771648e+01
-3.854891941342811634e+01
-3.873475223672677714e+01
-4.204256788818443624e+01
-1.677728884761163641e+01
-2.025657735698337447e+01
-5.261260357911422325e+00
-9.954438989305304020e+00
-4.699807903828740052e+01
-1.369991306137558951e+01
-4.163151913303495633e+01
-4.046433654645544920e+01
-4.072436271850422429e+01
-7.489214726572159364e+00
-4.082107826575100518e+01
-2.815164071907834753e+01
-9.929925101042739399e+00
-1.609115674937860518e+01
-7.793317058524396934e+00
-1.988650770173758886e+01
-4.308140404428526082e+00
-7.773414508045920712e+00
-9.481267704075024838e+00
-3.196416602150143049e+01
-2.652344490974046920e+01
-3.906736700558236919e+01
-1.095505598537675951e+01
-2.867133200183003083e+01
-1.622587985345721240e+00
-2.401382266862919934e+01
-3.909789057159947845e+01
-4.548541595805428273e+01
-7.619256205840733154e-01
-1.169158742602786027e+01
-9.925624086261791490e+00
-2.356093462555335805e+00
-6.068356916028717629e-01
-2.263817602590209077e+01
-2.209917756210810769e+00
-1.223399498601805924e+01
-2.919726769166888047e+01
-1.352282276975448738e+01
-1.235313121329306973e+01
-2.842549277952764442e+01
-1.763641706722013680e+01
-3.237157721917000686e+01
-2.226295770161856424e+01
-2.847851555429285142e+01
-1.711302236983698322e+01
-1.322391371758533829e+01
-6.465065421968883008e+00
-4.229982463850700469e+01
-3.585907213855784903e+01
-4.151312444145123237e+01
-8.756352582006996954e+00
-4.200378533026634642e+01
-4.452047783027129668e+01
-1.240995447076616287e+01
-1.299406363384633245e+01
-2.570955477838975511e+01
-8.907597492054023292e+00
-2.081820233372604889e+01
-8.572652497477676548e+00
-4.413228778943459218e+01
-2.152537159284315038e+01
-4.483673102872926819e+01
-2.845208511301300547e+01
-2.190167693795164894e+01
-4.460534789684584211e+01
-6.740951915722318333e+00
-2.860053274611020058e+01
-2.873413344536673719e+01
-2.002366752247574766e+01
-2.215306527354161226e+00
-2.260348474742830049e+01
-2.195922720154396757e+01
-3.554782657038067128e+01
-1.112282731319367635e+01
-1.711644338080316885e+01
-1.105554056214714720e+01
-3.113481792261946168e+01
-4.442748200865736408e+01
-8.307730372248187223e+00
-3.811637710591849526e+01
-1.056018547810344366e+01
-3.016798044373387278e+00
-6.162700197545049718e+00
-4.313981205224587967e+01
-4.012255855393328119e+01
-1.274905264831254925e+01
-4.432670758299365588e+01
-4.037845831399312857e+01
-1.961511550636752688e+01
-2.101612877319921679e+01
-2.907729609757048195e+01
-7.463574889481701113e+00
-7.824028033690448858e-01
-1.212458991347545023e+01
-4.625392162537180774e-01
-2.984348592382210086e+01
-2.596527750876968099e+01
-1.454991919183525972e+01
-3.693723371180927728e+01
-7.256073054539158740e+00
-1.170939624823199310e+01
-1.368534119829360840e+01
-9.203352215219478438e+00
-3.577989151559935799e+00
-3.900009023669685604e+01
-4.158636613642412883e+00
-3.040984404946367903e+01
-5.710872156527697641e+00
-4.983766017608984855e-01
-2.607549070791426971e+01
-3.964835356524507404e+01
-3.969917366900438793e+01
-1.618820094129157994e+01
-1.365584890618961378e+00
-3.670758015940499064e+01
-3.659160600692499798e+01
-3.739096080571940206e+01
-3.095393077705605478e+01
-3.692571846222084986e+01
-3.928413803535986659e+01
-2.091320520055397481e+01
-2.491784166598207051e+01
-2.206423259041465457e+01
-3.156003146053511088e+01
-3.133419381232688394e+01
-2.350346642757252980e+01
-3.864733527508546729e+01
-2.311578033697194812e+01
-3.703679104611482131e+01
-1.283328874722340807e+01
-8.123233065896870997e+00
-4.503735004945812648e+01
-3.273193613835313442e+01
-1.194508445744365943e+01
-2.746010304551134595e+01
-4.487423616728474229e+01
-3.384951460332865647e+00
-3.842424319248753939e+00
-2.858493037540246817e+01
-1.043447682385841979e+01
-3.618886580825859767e+01
-2.636415160334096441e+01
-3.152081660755660408e+01
-4.986829542785228497e+00
-3.856758940438957950e+00
-2.828893600618271975e+01
-1.889238603518785453e+01
-4.347627574994347377e+00
-1.650007306025121778e+01
-3.056080572968022580e+01
-8.493573400447298027e+00
-4.028445119432421961e+01
-4.407320588154820484e+01
-4.432770925805317574e+01
-3.380384199297090220e+01
-1.850406921430159457e+01
-3.389448273323500160e+01
-1.312683859552212517e+01
-1.482857637993935818e+01
-2.845898489812284637e+01
-2.575816134323566331e+01
-4.006959783599799607e+01
-1.170918363891202674e+01
-3.463156166706219352e+01
-4.206531516225234668e+01
1.647005101326309839e-01
-2.198398081403997750e+01
-3.040300701875685618e+01
-3.904213847663222481e+01
-8.416048764145370953e+00
-3.949006037228529920e+01
-1.673044530202612989e+01
-3.979597904334507774e+01
-1.393412561041955655e+00
-4.290540247402397256e+00
-4.624113379304611016e+01
-2.764570437085506782e+01
-1.927572320971204789e+01
-7.059847991136920520e+00
-2.929681887508325033e+01
-1.420367276831913994e+00
-1.404982350899684995e+01
-1.528483249996888915e+01
-2.772537176294761352e+01
-2.969580412487025001e+01
-3.889367357981028306e+01
-4.321614544063499608e+01
-3.033103739030924473e+01
-2.651515195763091981e+01
-1.783345533758715717e+01
-4.392904436139937019e+01
-6.547523163812043023e+00
-4.086582955876422574e+01
-1.459007375097029957e+01
-2.537124587195783576e+01
-3.110628350965433242e+01
-1.087802353448133807e+01
-7.977229594909522881e+00
-2.348808563668198701e+01
-3.695847572562816197e+01
-3.071412749850446389e+01
-5.558722326854610429e+00
-4.071321520414568340e+01
-2.213221399664467981e+01
-4.199113250764543892e+01
-2.527665432999217643e+01
-3.459253529419171080e+00
-9.474510342279046426e+00
-3.892557038269212910e+01
-3.324859032519089652e+01
-4.294382688422791006e+01
-1.479487379009445824e+01
-2.506224412463349793e+01
-2.960517510536323726e+01
-2.709670840993375052e+01
-1.015572038591599124e+01
-1.931502164296874469e+01
-1.187157342695204854e+01
-3.954676111543520278e+01
-4.536939104029725200e+01
-2.757648389899151287e+00
-3.331994785974848838e+01
-1.459298596172087237e+01
-2.775726120072092939e+01
-1.058467504470355891e+01
-3.015202394075442882e+01
-1.727075951481015537e+01
-1.375238796596145185e+01
-4.150027358287756130e+01
-4.310883508796398189e+01
-2.807663177581524749e+01
-1.020269801503833484e+01
-4.407100340991899401e+01
-3.442525964508502057e+01
-3.329881967099085216e+01
-9.769001030459014245e+00
-3.938595210332887575e+01
-1.130438040944437361e+01
-2.968589674691469682e+01
-3.185585609917959715e+01
-3.445948241206595952e+01
-1.689178829538901638e+01
-3.450286639224098906e+01
-4.079942501144797262e+01
-2.779167488641686390e+01
-4.224815981784085572e+00
-5.556995262884284692e+00
-4.868714796577903847e+00
-7.349841030154808941e+00
-5.414820757055775147e+00
-3.495928037301403180e+01
-1.758616656158544123e+00
-1.095833561517611088e+01
-4.134930786677384873e+01
-4.558229952772695981e+01
-2.746412188021657741e+01
-4.604331658938510685e+01
-2.111934985304920964e+00
-4.411433198484249374e+01
-1.418771979056859145e+01
-3.593411263326861160e+01
-3.730627167486581186e+01
-3.865914437156938277e+01
-2.119133310676069470e+01
-4.371092226936524128e+01
-1.210371979785189644e+01
-4.302040342827951491e+01
-2.776431210210661504e+01
-4.415125855170918356e+01
-2.190186032222650070e+00
-3.307666052242873889e+01
-2.584086318715533181e+01
-2.289497666975639234e+01
-1.117789590731652893e+01
-1.471862310094481252e+01
-1.124852028913775825e+01
-1.014943479773658019e+01
-3.670677024371365604e+01
-2.247683512545609119e+01
-3.679396286834670793e+00
-3.581990882581776248e+01
-2.369430643358140287e+01
-3.307601158419605980e+01
-2.450806596236695256e+01
-1.877185219300129049e+01
-4.447335823177868974e+01
-1.427147725606708661e+00
-4.416063679261353059e+01
-4.221548138555062479e+01
-1.744646402520511330e+01
-1.011147196828470740e+01
-2.834425621254175098e+01
-7.285724480350237897e+00
-3.723597105996695689e+01
-1.183028873562292738e+01
-1.392024665358279911e+01
-4.101990242056767499e+01
-4.277144543856704217e+01
-2.480812723617768611e+01
-3.955639648150051357e+01
-1.619103391866850217e+01
-4.480587539184655554e+01
-1.977741561547531290e+01
-1.351852012561250049e+01
-1.314079269484494272e+00
-4.588859528010100064e+01
-2.225013232077285608e+01
-3.334181049651737538e+01
-2.900532761958627503e+01
-3.210129478354732413e+01
-2.123300746757653901e+00
-4.280360133954086166e+01
-4.197868835964676748e+01
-2.557133830681074116e+01
-4.305234360835322605e+01
-1.319183896909837017e+01
-2.753541926667968198e+01
-1.761211571760873440e+01
-2.829164182786083614e+01
-1.339656100509022352e+01
-3.747481878166868796e+01
-4.133965868748003203e+00
-1.833649141952855777e+00
-2.186891342602975907e+00
-6.756431955686753810e+00
-1.696147029546353124e+01
-4.342191088228356932e+01
-4.716030337187634203e+00
-2.959871620599408004e+01
-2.444162925166408584e+01
-1.598541088638510210e+01
-8.847462443362569928e+00
-1.074496715092197263e+01
-2.332699570867989181e+00
-3.257706056409301709e+01
-3.194738419618914094e+01
-2.078957822344403539e+01
-3.284483730479234254e+01
-5.460834858514230561e+00
-4.223657489272034127e+01
-3.860724986440390438e+01
-2.992358705379707473e+01
-1.733257217249247972e+01
-2.005626758615488470e+01
-2.218672449275802450e+01
-4.130359927984303425e+01
-3.876140164122505638e+01
-2.194540409592197250e+01
-2.573718185453806839e+01
-3.834552832254252053e+01
-4.379614025678413469e+01
-2.895724384858804612e+01
-3.376060541489571420e+01
-1.647704081539889032e+01
-4.207368872562490481e+01
-3.797076859843446783e+01
-2.505668533542414522e+01
-4.005020883155574296e+01
-3.934555174736873795e+01
-3.827098989091506809e+01
-6.217709094479330290e+00
-2.557530830191210924e+01
-4.032494538870061973e+01
-3.411345180197134397e+01
-1.936393543371476866e+01
-4.531105807434133226e+01
-1.184117677097543897e+01
-1.568628653765983394e+01
-4.193777837031721134e+01
-3.458792166464778006e+01
-4.037446577893597777e+01
-2.826410422577473880e-01
-1.680899274707791591e+01
-1.008087118959794815e+01
-1.394011049010693171e+01
-3.568369557722075314e+01
-3.357382888978780500e+01
-2.063895205864999483e+01
-1.620492730834439854e+01
-2.653544622700924549e+01
-2.579595576726067918e+01
-2.467312877848365105e+01
-2.839307001658662699e+01
-1.866903827818809702e+01
-3.698525078607799088e+01
-1.096078923259911875e+01
-3.102495873222566658e+01
-4.249717648520395841e+01
-4.668319051094246830e-01
-3.185708346648517875e+01
-4.287542428687499019e+00
-2.570681390326173243e+01
-2.875697488289253556e+01
-1.063674006097539859e+01
-3.955885821446793926e+01
-2.839352257201943530e+01
-1.077329712372073978e+01
-3.528718285356117690e+01
-5.089751367257203007e+00
-2.514272687539067874e+01
-4.328483725332053389e+00
-2.555536855831154242e+01
-1.106075572366863646e+01
-2.884083476778235422e+01
-3.281792833687995170e+01
-2.408456465546988667e+01
-2.849655074842367597e+01
-3.683115925072921470e+01
-3.798263924657709367e+01
-2.756361599618783131e+01
-2.170817005952169865e+01
-1.899234820038749305e+01
-4.088424584334867262e+01
-3.272023923101046705e+01
-8.531352077027262837e+00
-2.584722226026449121e+01
-4.193119202534016665e+01
-7.457277193665294845e+00
-3.668858550915256700e+01
-3.781958818132302014e+01
-2.258369122331866663e+01
-1.448971127549046223e+00
-6.446019934879481994e+00
-4.232938186976416972e+01
-1.458918213752408377e+00
-1.742170069712775060e+01
-2.867260207530221550e+01
-8.947342264818223256e+00
-4.352078114933891584e+01
-7.490526524376369011e+00
-2.412666891205160624e+01
-2.760978406695170051e+01
-1.021683540941774382e+01
-2.197831590928747048e+01
-2.218356881256302771e+01
-3.592415129811765695e+01
-3.013597233156037447e+01
-2.137225586014156065e+01
-3.142512454515335207e+01
-2.083325111390816176e+01
-2.288661694651342415e+01
-3.041612184514439221e+01
-8.555167357311521670e+00
-3.500278009617118613e+01
-2.735065656610407814e+01
-4.622691219119761286e+01
-1.013022125673843021e+01
-2.105283447670687380e+01
-4.057442258058422624e+01
-2.732441653532566761e+01
-3.326372552434600038e+01
-1.889759914340178781e+01
-3.234451381459522423e+01
-4.210887479072169270e+01
-8.524537297469734654e+00
-3.637436428770233476e+01
-4.426205966060173580e+01
-5.723813300059970022e-01
-9.914820343787505763e+00
-5.588672474093794307e+00
-3.465287427388932429e+01
-3.628265445099827957e+00
-4.735339737244115099e+01
-1.744457860899409951e+01
-4.108322602223550746e+01
-9.174296244387337040e+00
-2.048389293360756014e+01
-3.910973686548766892e+01
-2.775359983536754171e+01
-2.150181523663925276e+01
-2.359275757344516222e+01
-2.549607442340061070e+01
-1.972714601201360196e+01
-8.942018876198169153e+00
-5.262227620654567950e+00
-6.738930106355534910e+00
-2.026129122637128965e+00
-2.494755845925635640e+01
-3.770379502654049020e+01
-1.654297236567294860e+01
-3.078113796046844985e+00
-1.978216878689641334e+01
-2.754161005354984582e+01
-1.863187999057262800e+01
-3.544629699505824760e+01
-4.245945444068674846e+01
-3.965649498073412360e+01
-3.000629467521036275e+01
-1.987270345557776352e+01
-3.251789062481013559e+01
-3.848627664076612609e-01
-4.506820831593056909e+01
-8.118157101953904942e+00
-4.140387998641878653e+01
-3.608138191769006653e+01
-3.659290737015778205e+01
-1.225785691051121695e+01
-9.367843161473551561e+00
-1.945591964262069240e+01
-3.780229836295140444e+01
-2.072888684971413653e+01
-4.210500113358222052e+01
-1.567954134965192203e+01
-2.772245405240174065e+01
-4.711640116354045915e+01
-2.976876632512210108e+01
-1.786548192457368511e+00
-2.080097215364704510e+01
-1.537186791253517093e+01
-2.425133873355451897e+01
-1.294344581333076860e+01
-5.053989513079546469e+00
-3.015860066920751592e+01
-3.024461503463854584e+01
-3.953273295332422066e+01
-5.860388516464111852e+00
-3.733707442609055960e+01
-3.837744554540494590e+01
-2.987202924239811352e+01
-9.129497238988177443e+00
-1.308428293047470703e+01
-1.944111608959947191e+01
-2.491962889118309121e+01
-2.178053702684622905e+01
-2.149171141897937432e+01
-3.946585794363480204e+01
-4.092525637276979467e+01
-3.790672610329476555e+01
-4.020967763707538012e+01
-2.684934527454243991e+01
-4.598751187112235073e+01
-2.876593647049438474e+01
-2.663373782237934861e+01
-1.535271953547476720e+01
-3.113860267128834636e+01
-2.669386643890503841e+00
-6.418548074286899663e+00
-5.550120758487856243e+00
-2.947936119494819707e+01
-7.573837689696963693e+00
-1.541136165984826789e+01
-2.157748217647967870e+00
-1.043866611997224858e+01
-4.227703196395585650e+01
-2.279597162185089232e+01
-6.560591217578477519e+00
-2.373438993390018936e+01
-4.399236016310464237e+01
-3.892338356179645587e+01
-1.797804448121796383e+01
-1.325289861662923663e+01
-3.417278126733231858e+01
-1.093398339296652999e+01
-1.098311274614196620e+01
-4.091790183011340787e+00
-3.997054487148518120e+01
-2.037031521566649062e+01
-2.614601853541045529e+01
-3.396644367469142622e+01
-3.725611928862299038e+01
-2.071721673067522573e+01
-8.080338988856921034e+00
-3.949577417992826867e+01
-1.927610113954498772e+00
-4.246044879469025091e+01
-2.696998082836116950e+01
-3.935535028051337747e+01
-2.831712117047536736e+01
-1.086291547456550077e+01
-1.401989306898719256e+01
-2.455259646008653718e+01
-4.305273417834188621e+01
-8.477614743092505734e+00
-2.287783345315629902e+01
-1.520500768845787931e+01
-3.496065932005021182e+01
-3.800221003702588263e+01
-1.868660057353790194e+01
-8.817489862527210676e+00
-2.171252172768212585e+00
-9.633762519100473654e+00
-1.177572743869675342e+01
-2.755432883333375571e+01
-3.809449467266115619e+01
-6.354338324722782261e+00
-4.389787057558490346e+01
-2.972996094359252339e+01
