4.323555947643440422e-01
8.477004682374377209e-01
4.540590560591513114e-01
1.540351979192089438e-02
8.730681484470994569e-01
6.562015477440988898e-01
8.230030406484709626e-01
9.517756930338516774e-01
5.091238351688720520e-02
2.350718640910145485e-01
6.334344345633979856e-02
4.216578860324509126e-01
8.638291455014519560e-01
8.162398271506809966e-02
4.731119528858784840e-01
1.255431098087236297e-01
7.728856021671177690e-01
8.414221567958434234e-01
4.329093818615858957e-02
4.864407431703947626e-01
2.394110441377559351e-01
9.524737816932592471e-01
9.438926277837961232e-01
6.139340023847008609e-01
9.734873973251962909e-01
3.448613437162509898e-01
8.978507176676817636e-01
4.345949734085094995e-01
2.358146371475137171e-01
9.408279632013993865e-01
6.842180509832275215e-01
6.491158533912932960e-02
8.704248568230661398e-01
7.013802946333462796e-01
6.049268729742817152e-01
7.323748991793305185e-01
2.534390424997807756e-01
6.004889552745443781e-01
8.146191812616553340e-01
5.411366032399989034e-02
1.305106713392659712e-01
8.424458099564136049e-01
6.183458693278854890e-01
5.312878104810579982e-01
2.482907289970985865e-01
2.950785752494958780e-01
8.726861649194619375e-01
4.216659348497092674e-01
6.443025557960679883e-02
8.969850695075824998e-01
2.033808328240510610e-01
8.262275354923913628e-01
8.817706230828072922e-01
4.867507448183381324e-01
5.984646931046363472e-01
5.272674564854169521e-01
6.248212941854990321e-01
8.550417213473514577e-01
2.821394484048606044e-01
8.837555081806008905e-01
5.676903301191492668e-01
1.151030409669033805e-01
2.270011652146579628e-01
5.959823856130137543e-01
2.394462369046803651e-01
1.314156605374605657e-01
1.618477141238351402e-01
8.448725182357390562e-01
6.021836538927107796e-01
9.635670871883419419e-01
3.456792132960254671e-01
5.956250981349496820e-01
5.989852889734197383e-01
6.157042872039487635e-01
5.917720718572239136e-02
7.503171845746858803e-01
9.482094981876252326e-01
5.346790571795887459e-01
1.925560209550684077e-01
7.529259149799422124e-01
7.318969327863800167e-03
3.282561036507808394e-01
9.176063476443931943e-01
5.883673328938767710e-01
8.551902839041353177e-01
6.046720523491877497e-01
8.225781525238710090e-01
8.794835234293169046e-01
3.209863745244532218e-01
1.229547715521784879e-01
7.213033441865708273e-01
4.403470868312382436e-01
1.267357091420086013e-01
5.898236481098891870e-01
3.606831456985992723e-02
2.001821164109869322e-01
7.883011896679689157e-01
1.209676001535786583e-02
3.033456717085690757e-01
2.137596108807071627e-02
9.974849927283294670e-01
5.820299763434617635e-01
2.933762784860566297e-01
9.289494618931156689e-01
5.071194235482044954e-01
4.546922275524069024e-01
5.878715062961864524e-01
2.641376442105696221e-01
3.052882993474332896e-01
3.716545767241824505e-01
2.444479993716108801e-01
5.845472661166297712e-01
6.958461339323264161e-01
7.194722016400112441e-02
9.710833196254637922e-01
7.530706558694548747e-01
8.061631629534082855e-01
7.516404040812905141e-01
8.006097727121730401e-02
4.816962830211770630e-01
4.456729564016560508e-01
6.724726505249298825e-01
4.487372588243219163e-01
7.043133983839096057e-01
6.816453376026229138e-01
6.971485287527562358e-01
6.186007425615364097e-01
1.509807332796457846e-01
7.608024563057560474e-01
7.810458221939570178e-01
9.041029859138048907e-01
2.337686926041059321e-01
1.766788930723414142e-01
3.910991231067624252e-01
3.205646539951602092e-01
8.154769290056261832e-01
6.135258996684316291e-01
7.600017523497488714e-01
4.276650996969642016e-01
9.944056291558922567e-02
1.150350120502462437e-01
3.734071317371953080e-01
1.938477675095071628e-01
8.207464986229382475e-01
5.996360084237167820e-01
6.888452590186650015e-01
4.911099613042961831e-01
8.817368124218105674e-02
2.350776366861703215e-01
4.616020808916220242e-01
1.985915030539262549e-01
2.547623577882029977e-02
7.293976982561526379e-01
7.249167472191191397e-01
3.303917463617027650e-01
8.434941260636554805e-01
4.284424759510734315e-01
8.646861447635343367e-01
6.570654246228895268e-01
5.810356574180901568e-01
2.007274880350909951e-01
5.295466104783949080e-01
8.944324184275723733e-01
3.049939758352160357e-01
8.709456091610533468e-01
9.087452728583881312e-01
3.298445626818823362e-01
6.830743663365641538e-01
8.992209495659687635e-01
7.569688175830335819e-02
8.785878632047704473e-01
1.908393632684806107e-01
8.497689100179306454e-01
6.671187886992039351e-01
3.443391954500538699e-01
1.513755699927989973e-01
6.353709614884534007e-01
8.477880437147415904e-01
8.218493747640105429e-01
6.282395971306578009e-01
9.563015097552320931e-01
5.899231270757697709e-01
1.978327846479193131e-01
4.293307226164922996e-01
3.367459987011672817e-01
9.919450119072810157e-01
3.802364961172647329e-01
9.927008736648179621e-01
5.188042507334141851e-01
1.722797014771254576e-01
7.457407125147985649e-02
3.703056937738876675e-01
1.234188598147298865e-01
6.345187162918416446e-01
4.139198457294088751e-01
9.909156325254501185e-01
9.299556236533178533e-01
1.492360323097500219e-01
3.948822625368004768e-01
4.615797109623861472e-01
5.609487551219451973e-01
7.803635232892685014e-01
4.871939090734237476e-01
4.199935520102408004e-01
2.619997047193356465e-01
9.108061390867584484e-01
2.227151153280415574e-02
8.211218982189646409e-01
1.884683996664184846e-01
6.857568991725472296e-01
3.552093893396437441e-01
9.742126278950913321e-01
1.227721294494199533e-01
1.875698926172395531e-01
8.894424754644788544e-01
5.834063146082278939e-01
3.092463846587796272e-01
7.643854781880232707e-04
2.275977383222530515e-01
1.454036341712356961e-01
2.034338243700906101e-01
8.963225568040046332e-01
8.730943782696405364e-01
7.002894376334497517e-01
4.704976761522090545e-01
8.271360023322883448e-01
4.958263970852123670e-01
3.634886832849052452e-01
2.756031027608587536e-01
9.247408135383716754e-01
3.869892342562921694e-01
4.928808734313202544e-01
2.544381023144220988e-01
8.849665188380633207e-01
3.832634568052867285e-01
2.975747153138752488e-01
7.175949621947543822e-01
1.908699431723074325e-01
1.181926293470384470e-01
8.369977822135121759e-01
7.441359213695352137e-01
5.905205476471171444e-01
2.428915749648706823e-01
6.232471451875840618e-01
6.383553207411729602e-01
3.275694441123251366e-01
6.748934306754228452e-02
8.805385975643267304e-01
4.599567310742583848e-01
7.638727180664298677e-01
2.538886209427396734e-01
5.913871822675168533e-01
4.287951603487977215e-01
3.821006425491395575e-01
1.267133838469227669e-01
2.442666632089758316e-01
7.934158295831894581e-02
3.028583047175785747e-01
7.417048002315553834e-01
6.150157249710488383e-01
6.724110989339258104e-01
8.383079525031589263e-03
6.783769722513198763e-01
5.031806905428870547e-01
2.309084504841791841e-01
1.748965089819222163e-01
1.849829655508298254e-01
8.442600050750984630e-01
9.825897893050853371e-01
9.137396248416316258e-01
3.473694203728128205e-01
7.802245796913637177e-01
5.464545907014306536e-01
8.164423975559377267e-01
4.837269511889058515e-01
5.899512982994037369e-01
7.872634475242614727e-01
1.002346431031323482e-01
5.370071168405406992e-01
3.659833466696542636e-01
6.043068436688722178e-01
9.588025156370004742e-01
3.928229449969624643e-01
3.929729979416164420e-01
7.906369935895988244e-01
6.450783990854264127e-01
3.938840078553764723e-01
6.889550482302514434e-01
4.040016090543789851e-01
1.361131542481220924e-01
4.506432686721344449e-01
3.344193926972726105e-01
2.179689300611679093e-01
9.257748016364398813e-01
6.896393990795577356e-01
5.988208906234219198e-01
7.466574721230050393e-01
5.419710617714414980e-01
7.005330726195025948e-01
9.305598192498450993e-01
8.626166945052219370e-01
1.674418575065212966e-01
2.631390239238742268e-01
7.161027944180453630e-02
9.786728051583469812e-01
2.363840986603755745e-01
6.605983559285987239e-01
8.963069892746200473e-02
2.107709420870187422e-01
5.028243835184045274e-01
1.049536683299280293e-01
3.888734026947243683e-01
5.379877201396808806e-01
3.392041848850999575e-01
5.559002111265755053e-01
5.367683219424640439e-01
3.906104987369057868e-01
6.962700831011029434e-01
6.784824539979240621e-01
6.873031493743898546e-01
5.614912587993742266e-01
3.580799140129358182e-01
6.131123353670122622e-01
9.357362666081997515e-01
5.968885249459731090e-01
9.795901743594251920e-01
4.410066204088711750e-01
7.396119625075466830e-01
3.760387864960013093e-02
7.647266390004860970e-01
5.182815803268123744e-01
5.316532961103237476e-03
2.772001047825984887e-01
5.348322325198114902e-01
7.679628782813116006e-01
5.309259545252509316e-02
5.490534438505196846e-01
8.009945557983559894e-01
6.495830548784788938e-01
9.314470149929107157e-01
7.473144501476114421e-02
2.768064626005866113e-01
9.192375042561724552e-01
7.650051482981429229e-01
5.997403444720986743e-01
8.329681438370704072e-01
8.960434915750019602e-01
9.727203528528248766e-01
9.985205070898058866e-01
1.396493336841034827e-01
7.054204474369918376e-02
7.346665436012334016e-02
1.474379089994692915e-02
9.718200729779260527e-01
9.476691645722912227e-02
8.417368261858496625e-01
6.851729969076996163e-01
4.875571674829181079e-01
3.466948813585781775e-01
3.536477870670050594e-01
2.538388823471872113e-01
9.110179736986264709e-01
7.256425454948689513e-01
2.592579278426987432e-02
4.615212532471145712e-01
2.813012725368113642e-01
2.896618617789847860e-02
8.846818943092944476e-01
7.710053579546822800e-01
3.297350792442609313e-01
7.965585875367110491e-01
3.246383222029965987e-01
3.078824438176467337e-01
9.281090785007262145e-01
9.769161619458501811e-01
5.235553047168928220e-01
9.519351675679249558e-01
8.879964939264646251e-01
5.180325615944086914e-01
3.727488020974856209e-01
7.103545783196093533e-01
4.556434246420539846e-01
6.052128951232128573e-01
9.904061968899466883e-01
7.739162499564684605e-01
3.342764049938262705e-01
8.899822082237796028e-02
1.849055902784083605e-01
5.268518758918343536e-01
4.171024181068579972e-01
8.006596581292396708e-01
9.332023381866817457e-01
1.778647479513485452e-01
8.600667708762161912e-01
9.573949263266687826e-01
9.594706068497821372e-01
3.786258772043049614e-02
5.758350560817371289e-02
5.797392917688992675e-03
3.126811561554764252e-01
5.569841271210462796e-02
2.938624854705441658e-01
3.560164860311865187e-01
9.536770184739218337e-01
4.769509224867779507e-01
2.782384424213303342e-01
5.030051950509547565e-01
6.433579246491355486e-01
1.112456725674350055e-01
7.580616581331085513e-01
8.519457712872955391e-01
8.442498595694283292e-01
8.905068324120894996e-01
3.818423967557611487e-01
4.438051983665185496e-01
1.015814759461661776e-01
2.258069224312351242e-01
9.713204692732110290e-01
2.846239689687354302e-01
9.073961422409972943e-01
8.905522863783110754e-01
9.225044972603934079e-01
1.561495644407947525e-01
8.797221435013808932e-01
6.319949504631371395e-01
2.106281784188024364e-01
3.451159147800811899e-01
1.599187885892832117e-01
4.443481574461272121e-01
8.377495384546052026e-02
1.653184904802398325e-01
1.971963464666692811e-01
6.910273415567041999e-01
5.738028691653529467e-01
8.733231340367321183e-01
2.446340657192080936e-01
6.296079567189131199e-01
3.443126530709561539e-02
5.161984610770690152e-01
8.632264817138495250e-01
9.841265438849168268e-01
9.872975358918512079e-03
2.528414820768151161e-01
2.238496703275253408e-01
4.753759422776049348e-02
1.017245626177565310e-02
4.901953122442317401e-01
4.548214567029407185e-02
2.783281308469019999e-01
6.399745691089122612e-01
2.946920415609042276e-01
2.696547011590514353e-01
5.905465222435670736e-01
3.805340772096400537e-01
7.025230339614009223e-01
4.961239512498610837e-01
6.332092658064775170e-01
3.533943470016294164e-01
2.870439461555086558e-01
1.332071137511019465e-01
9.370803847989642721e-01
8.048358460157946093e-01
9.380285431563524234e-01
1.853805246478023028e-01
9.331557628232255430e-01
9.357532076921331043e-01
2.835445136036545133e-01
2.746342484238629700e-01
5.514315736733724771e-01
1.852892393685523498e-01
4.421011106267658253e-01
1.853176459376844054e-01
9.473759179539592568e-01
4.938246574910856168e-01
9.639177674239978177e-01
6.449416725122117944e-01
4.843157730323855992e-01
9.676952459611974922e-01
1.431897817087628422e-01
6.323298746664965941e-01
6.618883678367976087e-01
4.338398271527259542e-01
5.935722533895748665e-02
4.927226011660332805e-01
4.651339435180774640e-01
8.067468107748635431e-01
2.566609899529762595e-01
3.914303629842685872e-01
2.401722072213772208e-01
6.864434151723640687e-01
9.898834533371154709e-01
1.774295368682619056e-01
8.214467402262972673e-01
2.309885592816333100e-01
5.797581337276702662e-02
1.388165180456736314e-01
9.351531155423886688e-01
8.885421033562280746e-01
2.892604954829099961e-01
9.477640661016069057e-01
8.499305352314189266e-01
4.346547940716735114e-01
4.680495548664728167e-01
6.298530215834227119e-01
1.580318349638126785e-01
1.478208674209291473e-02
2.655120174723858417e-01
1.544363194276088258e-02
6.744988441622574715e-01
5.514688358127765033e-01
3.216481456027776575e-01
7.802023371197586155e-01
1.457854312147770504e-01
2.448806387618835956e-01
2.923137620392837199e-01
1.959319464989921489e-01
8.793868377060332087e-02
8.699761802716075021e-01
8.818864557151007144e-02
6.837103358216378712e-01
1.204008768577233823e-01
1.069900314417415732e-02
5.572682300749137729e-01
9.071090552203706636e-01
8.604566673368851948e-01
3.384513841182500427e-01
2.715882932586222154e-02
8.008593551300331459e-01
8.059849322896659451e-01
8.684881163027721174e-01
6.696465998755330995e-01
8.077788623150764513e-01
8.974982823028202494e-01
4.538299504900122905e-01
5.578253037149104587e-01
5.061311288282347443e-01
6.919839045242187625e-01
6.829068676298748475e-01
5.203136358633164704e-01
8.284681480854713120e-01
5.057793867898664475e-01
8.248585623852319193e-01
2.818450881432429389e-01
1.784948329774882492e-01
9.698705703447140225e-01
7.419395254560767761e-01
2.597916933044145393e-01
5.812353422911716860e-01
9.552622535381868341e-01
8.075390781207880675e-02
8.353420706174108368e-02
6.191348314199072167e-01
2.244934788359577160e-01
7.651839567335081416e-01
5.681525429491051105e-01
6.661880902234952329e-01
1.078139007945924099e-01
8.428305143655678844e-02
6.251210683054896355e-01
4.097312611340204747e-01
8.725252387198179083e-02
3.710639450161891117e-01
6.721444096568486293e-01
1.895874001915857088e-01
8.957291085287041321e-01
9.498463888800873223e-01
9.615725424345338279e-01
7.300825577402602073e-01
4.062884276883150791e-01
7.437491963512196103e-01
2.879868792747515283e-01
3.144172223907462094e-01
6.058963612178579483e-01
5.948471334079176165e-01
8.786609763158110820e-01
2.546007556605769384e-01
7.661883652028217417e-01
9.410132668189012950e-01
1.032932657734630943e-03
4.760891180021048497e-01
6.570403290247293082e-01
8.433232139195224741e-01
1.837394118760017347e-01
8.561592379873718128e-01
3.643654798570279407e-01
8.922739292761724395e-01
2.771174012236499173e-02
8.539013912317061639e-02
9.814104657541125043e-01
6.095019257734966001e-01
4.176323468141832640e-01
1.692141846936905392e-01
6.499011530896899869e-01
3.697506835935782110e-02
3.116139134607046612e-01
3.234791969890753460e-01
6.074418935145535769e-01
6.508312566756970785e-01
8.460545992364693069e-01
9.275809425975434230e-01
6.604577276110996653e-01
5.781739184085381567e-01
3.987155436290084065e-01
9.666124926421419961e-01
1.540791718323574200e-01
8.950868086486484243e-01
3.110130678848415098e-01
5.484890896661039905e-01
6.820662584328148759e-01
2.364696513261553834e-01
1.677366850502716167e-01
5.084820134296159644e-01
7.918638755846716393e-01
6.924144621670755839e-01
1.189733371730148370e-01
9.007422150717330211e-01
4.797375670491550448e-01
9.466766792396476005e-01
5.534337062482657110e-01
8.480182166035288294e-02
2.024630356745356075e-01
8.542379729163827040e-01
7.059273667647191219e-01
8.949395201529242172e-01
3.291460017942997585e-01
5.280013966376261303e-01
6.503981324841198175e-01
5.942908535866644471e-01
2.314629355342477934e-01
4.268213494482355763e-01
2.481114640601748134e-01
8.456149622311454062e-01
9.866774449680826287e-01
6.657080313237928593e-02
7.139280322669613321e-01
3.301155521990742914e-01
6.254353783114329213e-01
2.581296492818709876e-01
6.510076093084951054e-01
3.711471844627295402e-01
2.948208795369636759e-01
9.117631736977988011e-01
9.424988742262074837e-01
6.135500265601354641e-01
2.144677808306926226e-01
9.394188709061593867e-01
7.504535467233240942e-01
7.510898073228060579e-01
2.117213348484862090e-01
8.301565261622992908e-01
2.400951541612100781e-01
6.316207452501602093e-01
7.107395698995863098e-01
7.423834297071016941e-01
3.902647045995809583e-01
7.598253967160973898e-01
9.029359021217099324e-01
5.874200192375769181e-01
9.040971569479860914e-02
1.289759841422760678e-01
1.052625266627869038e-01
1.727274633228800260e-01
1.264308902896850162e-01
7.783008900676275932e-01
3.941151218444427506e-02
2.415584173408640289e-01
8.790664013584654768e-01
9.735188608362935758e-01
6.054220077270481282e-01
9.762382645603884246e-01
4.345154171497678242e-02
9.485727683760075690e-01
3.112960824561671336e-01
7.989728403615929953e-01
8.106291034469015333e-01
8.599985915803448622e-01
4.585508109025010492e-01
9.306443921654483642e-01
2.578929844270398952e-01
9.344454925295846426e-01
6.191196332516605283e-01
9.854449149448305523e-01
3.264386596259238882e-02
7.251666588327083662e-01
5.655542353803810762e-01
4.924240473983195754e-01
2.592181256507369858e-01
3.268306848663751207e-01
2.494622067013877453e-01
2.192679103250607664e-01
7.996608375248388523e-01
5.023950058982583622e-01
8.318988869699772692e-02
7.769841920273803382e-01
5.336490760837309111e-01
7.393877873463819972e-01
5.153936931431213342e-01
3.999459239851317349e-01
9.862467824362950441e-01
2.824262016291267940e-02
9.327639079648583076e-01
9.308549677599680106e-01
3.909187115014580716e-01
2.144648711333198010e-01
6.192132979332389819e-01
1.779723354701694404e-01
8.032081943280083847e-01
2.539338558777352040e-01
2.908061550326779265e-01
9.159157900099570426e-01
9.029168334744089863e-01
5.353808917305217241e-01
8.628389805786156330e-01
3.525325688050617856e-01
9.978842782249023324e-01
4.336897394049770149e-01
2.948120117984953659e-01
4.157423394916726078e-02
9.897069537867417832e-01
4.648876309118223915e-01
7.345850140503706882e-01
6.408076240458746575e-01
7.230933996660097174e-01
5.111090382611627181e-02
9.200454054097136902e-01
9.268412179022414987e-01
5.519950271541971265e-01
9.639158886845510255e-01
2.809555369903674604e-01
6.021466271365452094e-01
3.964626900526239117e-01
6.280232317552282284e-01
3.006322885237481257e-01
8.193583846560201778e-01
6.978597850420853455e-02
4.187757029999628067e-02
4.939638463331430529e-02
1.504550283676634459e-01
3.953504737946903491e-01
9.553899892571746655e-01
1.107954396959561771e-01
6.475529858164271735e-01
5.276215084563492530e-01
3.532424059830590046e-01
1.981992293201918498e-01
2.205940818473357545e-01
4.382150972714693449e-02
7.131639731598145016e-01
6.538401991962549120e-01
4.437697927247223895e-01
7.189394880898436480e-01
1.099759724453204246e-01
9.387191733689310702e-01
8.476267092393875435e-01
6.590356596658832888e-01
3.788311686617318319e-01
4.165667290147474500e-01
4.821539221574674405e-01
9.352837700068006299e-01
8.635929549181026177e-01
4.779238492165593932e-01
5.545184982781670158e-01
8.754038622793217650e-01
9.492644337722900838e-01
6.391847558682459685e-01
7.485203200897536657e-01
3.516249063604426350e-01
9.180283190861799891e-01
8.367520498538312257e-01
5.520558812247627900e-01
8.676272096151737001e-01
8.498718814403323218e-01
8.084113566061418288e-01
1.306928243973880521e-01
5.360025748218121278e-01
9.007831147069159661e-01
7.708318305538303106e-01
4.207131990251917752e-01
9.778803933599657938e-01
2.507731566730022621e-01
3.336102288478977052e-01
9.542005074295889511e-01
8.087153481852896730e-01
9.003400045106618732e-01
1.158958940989518460e-02
3.797644330339947638e-01
2.355219566098692985e-01
2.959350518874113156e-01
7.379954964038408782e-01
7.240848448640740953e-01
4.617994101990614553e-01
3.652744612070937258e-01
5.846916130045257676e-01
5.337077546342763323e-01
5.505795590078620405e-01
6.154770711146577700e-01
3.956482722675488395e-01
7.717184824154583733e-01
2.512031833493866273e-01
6.557607679033660153e-01
9.603971482200180931e-01
3.554760464426043320e-03
7.233610443943061519e-01
1.089950339296437143e-01
5.437874916638252287e-01
6.269160166803345868e-01
2.429471257708011311e-01
9.138438752466081505e-01
6.223125286916177945e-01
2.316946913948598752e-01
7.701321875998075051e-01
1.055070799973347739e-01
5.552253185313444916e-01
9.495606980249149398e-02
5.809840726750195028e-01
2.529801127201883881e-01
6.494668079547463169e-01
7.158269528581799879e-01
5.241856145686611956e-01
6.575214077031100723e-01
8.132938453250556643e-01
8.075122716430320757e-01
6.196819920538627624e-01
4.511024621207748719e-01
4.079499890473674562e-01
8.747476199043634493e-01
7.029317321143713215e-01
1.849350223734016474e-01
5.657321466292632994e-01
9.088080323000569116e-01
1.506899922482711762e-01
8.455176755307064473e-01
8.202024663153498762e-01
4.993411012978344887e-01
3.758385148570320133e-02
1.475025053969354349e-01
9.226386946886712126e-01
4.415479603186245328e-02
3.724987664053595049e-01
6.190396347254708553e-01
1.969480389140166876e-01
9.810797572402972788e-01
1.559752330434224232e-01
5.396791951612743832e-01
6.180113243466446304e-01
2.309899486697039039e-01
4.663089892093413846e-01
4.910085291329292501e-01
7.668623763265419724e-01
6.342807527738734130e-01
4.675500530653395881e-01
6.669425431939751681e-01
4.533774265221983679e-01
5.257115913414096564e-01
6.585680415583619052e-01
1.811953819538616450e-01
7.880495511723071278e-01
6.028653375383973279e-01
9.803328851373277475e-01
2.223831935311757491e-01
4.662664741665735191e-01
8.956418025994465903e-01
6.014334096987881129e-01
7.259588458488149820e-01
4.136701642013602687e-01
6.843096218313198253e-01
9.460550298475631781e-01
2.001860657393220722e-01
8.073652638773204382e-01
9.695380120998964291e-01
1.456873176333173259e-02
2.152095865944275710e-01
1.173769203131297401e-01
7.674235177414532316e-01
8.121658594273328813e-02
9.984135585909075239e-01
3.896120158793051624e-01
9.052027659330403875e-01
1.885776034994678385e-01
4.408721998222908667e-01
8.448118190062035016e-01
5.952697806732561991e-01
4.621580966913571009e-01
5.126497467571176081e-01
5.738855268923473973e-01
4.403192075855931753e-01
1.935589577238104875e-01
1.139657614591863544e-01
1.512279273701480076e-01
5.249096385313389845e-02
5.586764110636315284e-01
8.477210140360106339e-01
3.591193389241107425e-01
7.531087263581781599e-02
4.257244119851162356e-01
6.020078384720013442e-01
4.254034655756375738e-01
8.107212336073700287e-01
9.418862461867052449e-01
8.699107732683544203e-01
7.039994982798885026e-01
4.702989247821752761e-01
6.826980429032513120e-01
1.341831055652953353e-02
9.824781185020439178e-01
1.720773318288959519e-01
9.062603959616818416e-01
8.071099016661060777e-01
8.001396843869876818e-01
2.689360577850649081e-01
2.191538057572580689e-01
4.288006929140887324e-01
8.493711007306549154e-01
4.503796424717202429e-01
9.354201140070618203e-01
3.526793272517380062e-01
6.193921656967597000e-01
9.806990363557801516e-01
6.434625222408049128e-01
4.549821604060377833e-02
4.635570909517118254e-01
3.347513437136637737e-01
5.321815485216746522e-01
2.847462086131313796e-01
1.222612302300027931e-01
6.682889887508017823e-01
6.813597548913062907e-01
8.671392999990884531e-01
1.323814935627374290e-01
7.986203082780309881e-01
8.267687384051289889e-01
6.465499357511519385e-01
2.049221457806338353e-01
2.614207144058379173e-01
4.184968175391756695e-01
5.417990727827313169e-01
4.774379555922170226e-01
4.674598920453694184e-01
8.398407101976673728e-01
8.701023653075676823e-01
8.167539643767667279e-01
8.778014186346996262e-01
5.710087619370730616e-01
9.640361333390817800e-01
6.065443482504676576e-01
6.039477410796814105e-01
3.192977370746188370e-01
6.812041841170189960e-01
5.196568850536098516e-02
1.345464210119422521e-01
1.302421675727650774e-01
6.552012872247356956e-01
1.753325917713383086e-01
3.411468232515472154e-01
4.431165583310459066e-02
2.337343601165106088e-01
9.642243248492941010e-01
5.091394025163676895e-01
1.510745184714319400e-01
5.230085317344642659e-01
9.435093839110807457e-01
8.656860140063340481e-01
3.920658689303868627e-01
2.838675159734026510e-01
7.617298626927417882e-01
2.404843248030877900e-01
2.542323546573523885e-01
8.408635417992949002e-02
8.641440947640268710e-01
4.478989156202798361e-01
5.617862606099736089e-01
7.367109576935199078e-01
7.964888671311955992e-01
4.475081389903138307e-01
1.841275561757983459e-01
8.287328515283017838e-01
3.099795982825581664e-02
9.467282696079524218e-01
5.769778464775016102e-01
8.753887384506869873e-01
6.085654369735586933e-01
2.516595841523237009e-01
2.961299234959043902e-01
5.329225590316531980e-01
9.620782128470934946e-01
1.844956044901776560e-01
5.098983781431090101e-01
3.437881034368444055e-01
7.697253449571856976e-01
8.028664864324239758e-01
4.245599103022166254e-01
2.041224999943358487e-01
6.708946032885532151e-02
1.986482644205614934e-01
2.724008501293821993e-01
5.987889179092104053e-01
8.730834972744355715e-01
1.282309388454863086e-01
9.581887417148959862e-01
6.831708438541465034e-01
